Database dummy - table currhstl
900444;1;F;;
900467;1;F;;
900471;1;F;;
900480;1;F;;
900472;1;F;;
900464;1;F;;
900475;1;F;;
900396;1;F;;
900395;1;F;;
900393;1;F;;
900337;1;F;;
900338;1;F;;
900320;1;F;;
900322;1;F;;
900321;1;F;;
900326;1;F;;
900331;1;F;;
900329;1;F;;
900333;1;F;;
900335;1;F;;
900627;1;F;;
900949;4;F;;
900259;2;F;;
900261;2;F;;
900167;2;F;;
900694;2;F;;
900703;2;F;;
900708;4;F;;
900701;7;F;;
900650;8;F;;
900663;8;F;;
900713;8;F;;
900629;8;F;;
900591;4;F;;
900582;4;F;;
900723;9;F;;
900730;9;F;;
900734;9;F;;
900736;9;F;;
900738;9;F;;
900668;9;F;;
900718;10;F;;
900651;10;F;;
900687;10;F;;
900466;11;F;;
900469;11;F;;
900463;11;F;;
900478;11;F;;
900473;11;F;;
900379;11;F;;
900377;11;F;;
900316;4;F;;
900429;4;F;;
900426;4;F;;
900421;4;F;;
900208;4;F;;
900256;4;F;;
900262;4;F;;
900263;4;F;;
900266;4;F;;
900352;5;F;;
900367;5;F;;
900449;5;F;;
900456;5;F;;
900174;7;F;;
900205;7;F;;
900195;8;F;;
900124;8;F;;
900125;8;F;;
900232;8;F;;
900258;8;F;;
900265;8;F;;
900188;9;F;;
900298;9;F;;
900285;10;F;;
900170;2;F;;
900180;2;F;;
900332;2;F;;
900350;2;F;;
900323;2;T;;
900171;2;F;;
900190;2;F;;
900255;2;F;;
900284;2;F;;
900163;2;F;;
900166;2;F;;
900301;7;F;;
900294;8;F;;
900305;5;F;;
900165;4;F;;
900164;9;F;;
900675;1;F;;
900673;1;F;;
901221;1;F;;
901031;11;F;;
900702;1;F;;
900679;7;F;;
900301;7;F;;
900662;5;F;;
900836;2;F;;
900641;8;F;;
900401;1;F;;
900528;1;F;;
900530;1;F;;
900532;1;F;;
900534;1;F;;
900527;1;F;;
900376;1;F;;
900380;1;F;;
900383;1;F;;
900509;1;F;;
900603;1;F;;
900615;1;F;;
900625;1;F;;
900378;11;F;;
900382;11;F;;
890749;1;;;
890493;6;;;
890209;5;;;
890242;5;;;
890397;5;;;
880420;5;;;
880422;5;;;
870029;5;;;
870035;5;;;
870043;5;;;
870049;5;;;
870054;5;;;
870057;5;;;
870074;5;;;
870086;5;;;
870090;5;;;
870094;5;;;
870065;5;;;
870121;5;;;
870122;5;;;
870124;5;;;
870132;5;;;
870140;5;;;
870145;5;;;
870146;5;T;;
870207;5;;;
870211;5;;;
870217;5;;;
870221;5;;;
870235;5;;;
870238;5;;;
870239;5;;;
870255;5;;;
870260;5;;;
870263;5;;;
870264;5;;;
870265;5;;;
870273;5;;;
870281;5;T;;
860041;5;;;
860042;5;;;
860045;5;;;
860047;5;;;
860050;5;;;
860054;5;;;
860056;5;;;
860064;5;T;;
860113;5;T;;
860126;5;;;
860141;5;;;
860143;5;;;
860148;5;;;
860149;5;;;
860154;5;;;
860159;5;;;
860189;5;;;
860198;5;;;
860199;5;;;
860204;5;;;
860205;5;;;
860208;5;;;
860219;5;;;
860227;5;T;;
860229;5;;;
860232;5;;;
860234;5;T;;
860304;5;;;
860306;5;;;
860307;5;;;
860309;5;;;
850016;5;;;
850018;5;;;
850028;5;;;
870324;5;;;
870300;5;;;
870304;5;;;
890043;5;;;
890046;5;;;
890047;5;;;
890049;5;;;
890051;5;;;
890053;5;;;
890072;5;;;
890073;5;;;
890074;8;;;
890075;5;;;
890078;5;;;
890088;5;;;
890089;5;;;
890090;5;;;
890092;5;;;
890099;5;;;
890100;5;;;
890101;5;;;
890102;5;;;
890103;5;;;
890104;5;;;
890105;5;;;
890106;5;;;
890107;5;;;
890108;5;;;
890109;5;;;
890120;5;;;
890121;5;;;
890123;5;;;
890151;5;;;
890152;5;;;
890155;5;;;
890156;5;;;
890608;5;;;
890807;5;;;
890665;5;;;
890667;5;;;
890671;5;;;
890675;5;;;
890676;5;;;
890677;5;;;
890679;5;;;
890808;5;;;
890518;5;;;
890519;5;;;
890520;5;;;
890521;5;;;
890523;5;;;
890526;5;;;
890529;5;;;
890533;5;;;
890534;5;;;
890783;5;;;
890784;5;;;
890785;5;;;
890786;5;;;
890788;5;;;
890789;5;;;
890790;5;;;
890185;6;;;
890837;6;;;
890841;5;;;
890842;5;;;
890843;5;;;
890845;5;;;
890844;5;;;
870245;5;;;
830020;9;;;
830028;9;;;
840030;9;;;
840046;9;;;
840051;9;;;
840052;9;;;
850025;9;T;;
850058;9;;;
850059;9;;;
850061;9;;;
850077;9;;;
850078;9;;;
850095;9;;;
850096;9;;;
850097;9;;;
850099;9;;;
850101;9;;;
850102;9;;;
850104;9;;;
860016;9;;;
860021;9;;;
860026;9;T;;
860027;9;;;
860029;9;;;
860073;9;;;
860074;9;;;
860083;9;;;
860086;9;;;
860092;9;;;
860097;9;;;
860105;9;;;
860177;9;;;
860182;9;;;
860184;9;;;
860185;9;;;
860188;9;;;
860193;9;;;
860195;9;;;
860216;9;;;
860237;9;;;
860245;9;;;
860246;9;;;
860256;9;;;
860267;9;;;
860268;9;;;
860269;9;T;;
860271;9;;;
860272;9;;;
860277;9;;;
860281;9;;;
860285;9;;;
860295;9;;;
860314;9;;;
860349;9;;;
860356;9;;;
860357;9;;;
860360;9;;;
860367;9;;;
870014;9;;;
870018;9;;;
870020;9;;;
870110;9;;;
870131;9;;;
870144;9;;;
870150;9;T;;
870203;9;;;
870208;9;;;
870212;9;;;
870219;9;T;;
870220;9;;;
870222;9;;;
870227;9;;;
870231;9;;;
870232;9;;;
870233;9;;;
870242;9;;;
870250;9;F;;
870259;9;;;
870267;9;;;
870268;9;;;
870274;9;;;
870276;9;;;
870279;9;T;;
870283;9;;;
870286;9;;;
870288;9;;;
870289;9;;;
870292;9;;;
870294;9;;;
870378;9;;;
880292;9;;;
880530;9;;;
890527;10;;;
890266;10;;;
890307;10;;;
890568;10;;;
890460;10;;;
890558;10;;;
890201;10;;;
890327;10;T;;
890353;10;;;
890233;10;T;;
890265;10;;;
880042;9;;;
880166;9;;;
880176;9;;;
880196;9;;;
880205;9;;;
890015;9;;;
890016;9;;;
890017;9;;;
890019;9;;;
890020;9;;;
890021;9;;;
890022;9;;;
890023;9;;;
890024;9;;;
890094;9;;;
890095;9;;;
890096;9;;;
890018;9;;;
870051;10;;;
870071;10;;;
870241;10;;;
870224;10;;;
870084;10;;;
870095;10;;;
870215;10;;;
870114;10;;;
870141;10;;;
890812;9;;;
890822;9;;;
890536;9;;;
890537;9;;;
890541;9;;;
890542;9;;;
890543;9;;;
890544;9;;;
890547;9;;;
890550;9;;;
890551;9;;;
890552;9;;;
890555;9;;;
890556;9;;;
880231;10;;;
880108;10;;;
880177;10;;;
870282;10;T;;
880193;10;;;
890508;10;;;
890037;11;;;
890813;10;;;
880223;10;;;
890484;10;;;
890502;10;;;
890532;10;;;
890153;10;;;
890524;10;;;
890528;10;;;
890525;10;;;
890516;10;;;
890512;10;;;
890503;10;;;
890499;10;;;
890510;10;;;
870361;10;;;
870366;10;;;
880219;10;;;
870358;10;;;
860361;10;;;
860152;10;;;
860377;10;;;
870376;10;;;
830035;10;;;
840048;10;;;
850067;10;;;
870379;10;;;
870386;10;;;
870034;10;;;
880082;10;;;
890530;10;;;
890752;10;;;
880190;10;;;
890464;10;;;
890522;10;;;
860051;10;;;
860305;10;;;
860274;10;;;
870067;10;T;;
860122;10;T;;
860173;10;;;
830029;10;;;
860101;10;;;
860174;10;;;
860123;10;T;;
860358;10;;;
810014;9;;;
840033;9;;;
890849;9;;;
840056;9;;;
850072;9;;;
850082;9;;;
870026;9;;;
850088;9;;;
890535;11;;;
890539;11;;;
890540;11;;;
890549;11;;;
890554;11;;;
890538;11;;;
890545;11;;;
890546;11;;;
890548;11;;;
890780;11;;;
890787;11;;;
890791;11;;;
890080;11;;;
890081;11;;;
890125;11;;;
890635;11;;;
890642;11;;;
890815;11;;;
890814;11;;;
890690;11;;;
890703;11;;;
890720;11;;;
890729;11;;;
890761;11;;;
890803;11;;;
890766;11;;;
880125;11;;;
880186;11;;;
880236;11;;;
880237;11;;;
870322;11;;;
870372;11;;;
870373;11;;;
870383;11;;;
860350;11;;;
860354;11;;;
860366;11;;;
860373;11;;;
850074;11;;;
890851;11;;;
890852;11;;;
890853;11;;;
890855;11;;;
890659;11;;;
850054;7;;;
860015;7;T;;
860017;7;;;
860019;7;;;
860024;7;;;
860025;7;;;
860028;7;;;
860119;7;;;
860140;7;T;;
860158;7;T;;
860160;7;;;
860162;7;;;
860163;7;;;
860167;7;;;
860169;7;;;
860170;7;;;
860233;7;T;;
860242;7;;;
860247;7;;;
860248;7;;;
860251;7;;;
860252;7;;;
860257;7;;;
860259;7;;;
860270;7;;;
860273;7;;;
860283;7;;;
860284;7;;;
860289;7;;;
860290;7;;;
860297;7;;;
860300;7;;;
860303;7;;;
860308;7;;;
860310;7;;;
860311;7;;;
860312;7;;;
860313;7;;;
870028;7;;;
870033;7;;;
870046;7;;;
870048;7;;;
870050;7;;;
870064;7;;;
870066;7;;;
870072;7;;;
870081;7;;;
870089;7;;;
870093;7;;;
870103;7;;;
870107;7;;;
870108;7;;;
870116;7;;;
870123;7;;;
870134;7;;;
870136;7;;;
870138;7;;;
870147;7;T;;
870158;7;;;
870160;7;;;
870166;7;;;
870167;7;;;
870171;7;;;
870183;7;;;
870187;7;;;
870188;7;;;
870202;7;;;
870226;7;;;
870228;7;;;
870248;7;;;
870305;7;T;;
880340;7;;;
890330;4;;;
880511;7;;;
880024;7;;;
890026;4;;;
890027;4;;;
890028;4;;;
890029;4;;;
890030;4;;;
890031;4;;;
890032;4;;;
890036;4;;;
890038;4;;;
890039;4;;;
890041;4;;;
890042;4;;;
890128;4;;;
890132;4;;;
890160;4;;;
890161;4;;;
890163;4;;;
890825;4;;;
890663;4;;;
890700;4;;;
890701;4;;;
890702;4;;;
890704;4;;;
890705;4;;;
890706;4;;;
890707;4;;;
890708;4;;;
890219;7;;;
890220;7;;;
890221;7;;;
890222;7;;;
890223;7;;;
890234;7;;;
890256;7;;;
890257;7;;;
890258;7;;;
890259;7;;;
890260;7;;;
890261;7;;;
890262;7;;;
890310;7;;;
890311;7;;;
890329;7;;;
890347;7;;;
890361;7;;;
890362;7;;;
890363;7;;;
890364;7;;;
890365;7;;;
890366;7;;;
890367;7;;;
890368;7;;;
890386;7;F;;
890405;7;;;
890406;7;;;
890407;7;;;
890408;7;;;
890409;7;;;
890410;7;;;
890126;7;;;
890127;7;;;
880022;4;;;
890129;7;;;
890130;7;;;
890134;7;;;
890157;7;;;
890616;7;;;
890617;7;;;
890619;7;;;
890620;7;;;
890621;7;;;
890622;7;;;
890623;7;;;
890624;7;;;
890625;7;;;
870038;4;;;
870040;4;;;
870041;4;;;
870042;4;;;
870044;4;;;
870058;4;;;
870062;4;;;
870073;4;;;
870077;4;;;
870085;4;;;
870097;4;;;
870098;4;;;
870100;4;;;
890626;7;;;
890627;7;;;
890641;7;;;
890810;7;;;
890643;7;;;
890644;7;;;
890645;7;;;
890646;7;;;
890647;7;;;
890655;7;;;
890682;7;;;
890683;7;;;
870189;4;;;
870197;4;;;
870200;4;;;
870210;4;;;
870214;4;;;
870249;4;F;;
870299;4;;;
890684;7;;;
890685;7;;;
890686;7;;;
890687;7;;;
890688;7;;;
890689;7;;;
890768;7;;;
890769;7;;;
890770;7;;;
890771;7;;;
890772;7;;;
860030;4;;;
860040;4;;;
860044;4;;;
860048;4;;;
860065;4;T;;
860076;4;;;
860084;4;T;;
860085;4;;;
860089;4;;;
860095;4;;;
860103;4;;;
860108;4;;;
860112;4;T;;
860118;4;;;
860128;4;;;
860133;4;;;
860135;4;;;
860136;4;;;
860139;4;;;
860142;4;;;
860166;4;;;
860172;4;;;
860180;4;;;
860186;4;T;;
890773;7;;;
890774;7;;;
890775;7;;;
890777;7;;;
890778;7;;;
890779;7;;;
890781;7;;;
890782;7;;;
890792;7;;;
890566;7;;;
890567;7;T;;
890569;7;;;
890570;7;;;
860190;4;;;
860197;4;;;
860202;4;;;
860203;4;;;
860212;4;;;
860225;4;;;
860316;4;;;
860320;4;;;
890571;7;;;
890572;7;;;
890573;7;;;
890574;7;;;
860348;4;;;
850024;4;F;;
850033;4;;;
850034;4;;;
850038;4;;;
840015;4;;;
840038;4;;;
870092;7;;;
840031;2;;;
840041;2;;;
850017;2;;;
850019;2;;;
850073;2;;;
850081;2;;;
860031;2;;;
860034;2;;;
860057;2;;;
860058;2;;;
860063;2;;;
860070;2;;;
860114;2;F;;
860124;2;;;
860125;2;;;
860127;2;;;
860134;2;;;
860147;2;;;
860150;2;;;
860155;2;;;
860168;2;;;
860171;2;T;;
860175;2;;;
860176;2;;;
860179;2;;;
860187;2;T;;
860191;2;;;
860207;2;;;
860214;2;;;
860221;2;;;
860224;2;;;
860226;2;;;
860228;2;;;
860238;2;;;
860243;2;;;
860249;2;;;
860254;2;;;
860258;2;;;
860260;2;;;
860280;2;;;
860287;2;;;
860288;2;;;
860292;2;;;
860294;2;;;
860296;2;;;
860299;2;F;;
860342;2;;;
860298;2;;;
870045;2;;;
870052;2;;;
870053;2;;;
870055;2;;;
870060;2;;;
870061;2;;;
870069;2;;;
870105;2;;;
870109;2;;;
870113;2;;;
870117;2;;;
870120;2;;;
870128;2;;;
890681;7;;;
870129;2;;;
870133;2;;;
870148;2;T;;
870154;2;;;
870163;2;;;
870168;2;;;
870186;2;;;
870191;2;;;
870194;2;;;
870199;2;;;
870205;2;T;;
870223;2;;;
870225;2;;;
870230;2;;;
870236;2;;;
870244;2;;;
870251;2;;;
870104;4;;;
870111;4;;;
870112;4;;;
870115;4;;;
870118;4;;;
870119;4;;;
870153;4;;;
870161;4;;;
870169;4;;;
870170;4;;;
870172;4;;;
870176;4;;;
870184;4;;;
880541;2;;;
880625;2;;;
880626;2;;;
880627;2;;;
880628;2;;;
880629;2;;;
880630;2;;;
880128;2;;;
880138;2;;;
890045;2;;;
890112;2;;;
890113;2;;;
890131;2;;;
890133;2;;;
890150;2;;;
890158;2;;;
890159;2;;;
890582;2;;;
890583;2;;;
890584;2;;;
890585;2;;;
890586;2;;;
890587;2;;;
890588;2;;;
890589;2;;;
890809;2;;;
890590;2;;;
890591;2;;;
890592;2;;;
890593;2;;;
890594;2;;;
890595;2;;;
890596;2;;;
890597;2;;;
890598;2;;;
890599;2;;;
890600;2;;;
890601;2;;;
890602;2;;;
890805;2;;;
890628;2;;;
890629;2;;;
890630;2;;;
890856;2;;;
890858;2;;;
890859;2;;;
890857;2;;;
890860;2;;;
890861;2;;;
890862;2;;;
890832;2;;;
890831;1;;;
890830;2;;;
890829;2;;;
890833;2;;;
890834;2;;;
890828;2;;;
890691;2;;;
890692;2;;;
890693;2;;;
890557;2;;;
890189;2;;;
890190;2;;;
890191;2;;;
890278;2;;;
890380;2;;;
890561;2;;;
890867;2;;;
890816;1;;;
830018;1;;;
830026;1;;;
830027;1;;;
840021;1;;;
840022;1;;;
840023;1;;;
840025;1;;;
840028;1;;;
840032;1;;;
840040;1;;;
840053;1;;;
840057;1;;;
840059;1;;;
850041;1;;;
850047;1;;;
850048;1;;;
850057;1;;;
850063;1;;;
850066;1;;;
850069;1;;;
850070;1;;;
850071;1;;;
850076;1;;;
850087;1;;;
850090;1;;;
850092;1;;;
860327;1;;;
860329;1;;;
860330;1;;;
860340;1;;;
860347;1;;;
860351;1;;;
860365;1;;;
860371;1;;;
860375;1;;;
860376;1;;;
860378;1;;;
860380;1;;;
870314;1;;;
870319;1;;;
870323;1;;;
870332;1;;;
870333;1;;;
870336;1;;;
870352;1;;;
870360;1;;;
870364;1;;;
870365;1;;;
870368;1;;;
870369;1;;;
870374;1;;;
870385;1;;;
880074;1;;;
880083;1;;;
880084;1;;;
880086;1;;;
880089;1;;;
880090;1;;;
880092;1;;;
880094;1;;;
880095;1;;;
880104;1;;;
880110;1;;;
880111;1;;;
880113;1;;;
880122;1;;;
880123;1;;;
880127;1;;;
880132;1;;;
880139;1;;;
880147;1;;;
880153;1;;;
880161;1;;;
880162;1;;;
880165;1;;;
880178;1;;;
880179;1;;;
880181;1;;;
880183;1;;;
880184;1;;;
880185;1;;;
880189;1;;;
880191;1;;;
880192;1;;;
880200;1;;;
880209;1;;;
880211;1;;;
880212;1;;;
880215;1;;;
880218;1;;;
880230;1;;;
890014;1;;;
890648;1;;;
890649;1;;;
890650;1;;;
890651;1;;;
890652;1;;;
890653;1;;;
890821;1;;;
890820;1;;;
890709;1;;;
890719;1;;;
890721;1;;;
890793;1;;;
890723;1;;;
890735;1;;;
890739;1;;;
890740;1;;;
890741;1;;;
890742;1;;;
890743;1;;;
890744;1;;;
890746;1;;;
890747;1;;;
890748;1;;;
890751;1;;;
890754;1;;;
890755;1;;;
890756;1;;;
890757;1;;;
890799;1;;;
890758;1;;;
890759;1;;;
890760;1;;;
890800;1;;;
890762;1;;;
890765;1;;;
890868;1;;;
890872;1;;;
890874;1;;;
890876;1;;;
890877;1;;;
890882;1;;;
890724;1;;;
840047;8;;;
850029;8;;;
850031;8;;;
850056;8;;;
860049;8;;;
880046;8;;;
860059;8;T;;
880047;8;;;
860061;8;;;
860066;8;;;
860069;8;;;
860072;8;;;
860079;8;;;
860080;8;;;
860082;8;;;
860087;8;;;
860088;8;;;
860093;8;;;
860096;8;;;
880572;8;;;
860099;8;;;
860100;8;;;
860107;8;;;
860109;8;;;
860178;8;;;
860181;8;;;
860183;8;;;
860194;8;;;
860200;8;;;
860210;8;;;
860213;8;;;
860217;8;;;
860222;8;T;;
860235;8;;;
860241;8;;;
860244;8;;;
860261;8;;;
860266;8;;;
860275;8;T;;
860276;8;T;;
860278;8;;;
860279;8;;;
860282;8;;;
860286;8;;;
860291;8;;;
860293;8;;;
860301;8;;;
860315;8;;;
860385;8;;;
890076;8;;;
870015;8;;;
890077;8;;;
870016;8;;;
890079;8;;;
870019;8;;;
890082;8;;;
870022;8;;;
890083;8;;;
870024;8;;;
890085;8;;;
870030;8;;;
890086;8;;;
870031;8;;;
890087;8;;;
870032;8;;;
890093;8;;;
870037;8;;;
890111;8;;;
870039;8;;;
890114;8;;;
870047;8;;;
870056;8;;;
890115;8;;;
870059;8;;;
890116;8;;;
890117;8;;;
890119;8;;;
890122;8;;;
870070;8;;;
870076;8;;;
890823;8;;;
870078;8;;;
890811;8;;;
870079;8;;;
890615;8;;;
870080;8;;;
890618;8;;;
870087;8;;;
870091;8;;;
890656;8;;;
870126;8;;;
890657;8;;;
870152;8;;;
890658;8;;;
870156;8;;;
890660;8;;;
870159;8;;;
890661;8;;;
870173;8;;;
870174;8;;;
870181;8;;;
870196;8;;;
870198;8;;;
870201;8;;;
870209;8;;;
870216;8;;;
870218;8;;;
870252;8;;;
870256;8;;;
870266;8;;;
870269;8;;;
870271;8;;;
870272;8;;;
870280;8;T;;
870325;8;;;
890662;8;;;
890666;8;;;
890668;8;;;
890669;8;;;
890670;8;;;
890672;8;;;
890674;8;;;
890680;8;;;
890698;8;;;
890507;8;;;
880328;8;;;
890263;8;;;
890264;8;;;
890268;8;;;
890334;8;T;;
890336;8;T;;
890369;8;;;
890370;8;;;
890372;8;;;
890373;8;;;
890375;8;;;
890411;8;;;
890412;8;;;
890413;8;;;
890414;8;;;
890415;8;;;
890416;8;;;
890428;8;;;
890431;8;F;;
890435;8;T;;
890442;8;;;
890443;8;;;
890444;8;;;
890445;8;;;
890446;8;;;
890581;8;;;
890084;8;;;
890673;8;;;
890883;8;;;
840035;7;;;
870302;7;;;
870063;7;;;
830021;1;;;
840024;1;;;
830032;1;;;
880043;1;;;
890678;8;;;
840043;10;;;
880160;5;;;
890270;5;;;
890271;5;;;
890404;5;;;
870309;8;;;
890154;11;;;
880078;1;;;
900636;11;;;
840067;1;;;
830042;10;F;;
850112;1;;;
870396;1;;;
890905;8;;;
840068;1;;;
840069;2;;;
890909;9;;;
890910;7;;;
850068;1;F;;
900340;11;F;;
900391;1;F;;
900461;1;F;;
900783;2;F;;
900837;2;F;;
901074;7;F;;
901076;8;T;;
901083;2;T;;
901084;6;T;;
901085;1;F;;
901095;1;F;;
901097;2;T;;
901098;2;T;;
901099;2;T;;
901100;2;T;;
901101;2;T;;
901110;2;T;;
901111;2;T;;
901112;2;T;;
901113;5;T;;
901116;5;T;;
901117;5;T;;
901119;10;T;;
901125;7;T;;
901126;5;T;;
901127;7;T;;
901128;7;T;;
901129;8;T;;
901130;8;T;;
901131;8;T;;
901133;8;T;;
901138;7;T;;
850122;9;;;
880658;10;;;
900525;9;F;;
900581;9;F;;
900587;9;F;;
890110;2;F;;
900819;2;F;;
901222;1;F;;
901064;5;F;;
901109;5;T;;
900496;8;F;;
900498;8;F;;
900501;8;F;;
901094;11;F;;
870402;5;F;;
850079;9;F;;
880187;1;F;;
900482;1;F;;
880206;1;F;;
870023;5;F;;
870135;5;F;;
901220;11;F;;
901208;11;F;;
901188;11;F;;
901169;11;F;;
901241;11;F;;
901185;11;F;;
901238;11;F;;
901154;11;F;;
901155;1;F;;
901206;1;F;;
901209;1;F;;
901210;1;F;;
901170;1;F;;
901181;1;F;;
901191;1;F;;
901235;1;F;;
901207;9;F;;
901216;9;F;;
901239;9;F;;
901244;5;F;;
901189;9;F;;
901192;1;F;;
900520;1;;;
870326;1;F;;
910019;2;;;
910020;9;;;
910023;11;;;
910024;9;;;
910025;9;;;
910026;9;;;
910027;9;;;
910029;11;;;
910030;9;;;
910032;9;;;
910034;9;;;
910035;1;;;
910036;1;;;
910037;1;;;
910038;1;;;
910039;1;;;
910042;11;;;
910043;1;;;
910056;10;;;
910073;10;;;
910076;10;;;
910093;5;;;
910096;11;;;
910101;10;;;
910102;7;;;
910107;7;;;
910110;7;;;
910111;10;;;
910113;7;;;
910114;10;;;
910117;10;;;
910119;7;;;
910121;5;;;
910123;5;;;
910127;5;;;
910128;5;;;
910129;5;;;
910130;7;;;
910131;11;;;
910132;11;;;
910134;11;;;
910135;11;;;
910137;7;;;
910139;7;;;
910141;11;;;
910143;7;;;
910145;7;;;
910161;2;;;
910162;2;;;
910163;2;;;
910164;2;;;
910165;2;;;
910166;2;;;
910167;2;;;
910169;2;;;
910170;2;;;
910174;2;;;
910175;2;;;
910176;2;;;
910177;2;;;
910178;2;;;
910179;2;;;
910181;2;;;
910182;2;;;
910183;2;;;
910185;2;;;
910186;2;;;
910187;2;;;
910188;11;;;
910189;2;;;
910190;2;;;
910191;2;;;
910194;2;;;
910195;2;;;
910196;5;;;
910197;5;;;
910198;5;;;
910199;5;;;
910202;5;;;
910203;4;;;
910204;5;;;
910223;7;;;
910225;7;;;
910226;11;;;
910227;7;;;
910228;7;;;
910233;8;;;
910236;11;;;
910237;8;;;
910240;6;;;
910241;8;;;
910243;8;;;
910246;8;;;
910247;8;;;
910255;11;;;
910271;10;;;
910277;10;;;
910280;10;;;
910284;10;;;
910295;9;;;
910304;10;;;
910316;10;;;
910319;10;;;
910323;10;;;
910325;9;;;
910330;10;;;
910335;10;;;
910337;10;;;
910340;7;;;
910344;10;;;
910348;7;;;
910350;7;;;
910357;4;;;
910414;2;;;
910415;2;;;
910424;1;;;
910429;10;;;
910430;7;;;
910440;8;;;
910445;2;;;
910451;10;;;
910460;10;;;
910465;4;;;
910472;10;;;
910474;10;;;
910475;10;;;
910478;7;;;
910479;7;;;
910481;7;;;
910483;10;;;
910492;2;;;
910494;2;;;
910495;2;;;
910533;11;;;
910536;11;;;
910538;11;;;
910539;11;;;
910544;9;;;
910545;9;;;
910546;11;;;
910549;9;;;
910554;11;;;
910555;9;;;
910558;11;;;
910564;11;;;
910566;9;;;
910567;7;;;
910568;9;;;
910569;7;;;
910576;7;;;
910579;8;;;
910584;8;;;
910586;8;;;
910595;7;;;
910601;2;;;
910610;2;;;
910612;2;;;
910624;2;;;
910625;2;;;
910626;2;;;
910634;2;;;
910636;2;;;
910637;7;;;
910643;7;;;
910644;11;;;
910647;8;;;
910651;2;;;
910652;7;;;
910656;8;;;
910658;2;;;
910672;9;;;
910679;10;;;
910692;9;;;
910699;5;;;
910716;8;;;
910726;10;;;
910729;8;;;
910731;4;;;
910735;8;;;
910748;7;;;
910751;2;;;
910752;2;;;
910779;2;;;
910792;7;;;
910796;8;;;
910806;9;T;;
910808;9;T;;
910846;10;;;
910867;10;;;
910883;5;;;
910890;5;;;
910891;5;;;
910898;5;;;
910902;5;;;
910914;2;;;
910916;2;;;
910920;8;;;
910923;7;;;
910925;8;;;
910932;9;;;
910941;8;;;
910942;7;;;
910943;5;;;
910944;8;;;
910945;7;;;
910946;8;;;
910947;7;;;
910948;8;;;
910953;10;;;
910955;8;;;
910957;7;;;
910961;7;;;
910969;5;;;
910974;7;;;
910975;2;;;
910985;10;;;
910987;8;;;
910995;8;;;
911017;8;;;
910028;1;F;;
840042;1;F;;
910022;1;F;;
910599;1;F;;
910628;11;F;;
910574;11;F;;
911021;11;F;;
850089;11;F;;
890531;11;F;;
910341;4;F;;
910617;4;F;;
910184;4;F;;
910623;4;F;;
910364;4;F;;
910952;4;F;;
900185;8;F;;
900113;10;F;;
910897;9;F;;
910168;9;F;;
910507;8;F;;
910125;5;F;;
911008;2;T;;
911009;2;T;;
911003;2;F;;
910622;2;F;;
910437;2;F;;
910918;2;F;;
910603;5;F;;
910627;2;;;;
910493;2;F;;
910613;8;F;;
910553;11;F;;
860328;1;F;;
910513;1;F;;
911033;1;F;;
911070;1;F;;
911038;9;F;;
911039;9;F;;
911028;9;F;;
911043;1;F;;
911048;9;F;;
911049;11;F;;
911050;8;F;;
911056;8;F;;
911054;7;F;;
911057;7;F;;
911060;7;F;;
911059;7;F;;
911062;8;F;;
911063;8;F;;
911065;5;F;;
911066;5;F;;
911067;11;F;;
911068;4;F;;
911069;4;F;;
911073;2;F;;
911074;11;F;;
911075;5;F;;
911076;11;F;;
911077;11;F;;
911078;5;F;;
911079;5;F;;
911080;2;F;;
911072;5;F;;
911084;7;F;;
910147;1;F;;
911082;4;F;;
911083;8;F;;
860383;1;F;;
911051;9;F;;
920037;8;F;;
920038;8;F;;
920039;8;F;;
920184;5;F;;
920185;5;F;;
920186;5;F;;
920187;5;F;;
920189;5;F;;
920190;5;F;;
920192;5;F;;
920193;5;F;;
920194;5;F;;
920133;4;F;;
920114;4;F;;
920234;7;F;;
920239;7;F;;
920549;2;F;;
920676;2;F;;
920678;2;F;;
920679;2;F;;
920680;2;F;;
920681;2;F;;
920682;2;F;;
920683;2;F;;
920526;4;F;;
920628;4;F;;
920572;5;F;;
920508;5;F;;
920510;5;F;;
920512;5;F;;
920513;5;F;;
920649;5;F;;
920754;5;F;;
920759;5;F;;
920699;5;F;;
920488;7;F;;
920579;7;F;;
920020;7;F;;
920021;7;F;;
920746;7;F;;
920749;7;F;;
920750;7;F;;
920710;7;F;;
920712;7;F;;
920713;7;F;;
920688;7;F;;
920689;7;F;;
920690;7;F;;
920692;7;F;;
920382;10;F;;
920383;10;F;;
920446;4;F;;
920448;4;F;;
920449;4;F;;
920384;8;F;;
920490;8;T;;
920495;8;F;;
920535;8;F;;
920539;8;F;;
920518;8;F;;
920521;8;F;;
920522;8;F;;
920582;8;F;;
920723;8;F;;
920725;8;F;;
920768;8;F;;
920695;8;F;;
920497;9;F;;
920764;9;F;;
920691;10;F;;
920377;4;F;;
920390;4;F;;
920408;4;F;;
920414;4;F;;
920417;4;F;;
920419;4;F;;
920413;9;F;;
920378;9;F;;
920040;8;F;;
920041;8;F;;
920044;8;F;;
920045;8;F;;
920048;8;F;;
920052;8;F;;
920168;8;F;;
920286;11;F;;
920147;7;F;;
920149;7;F;;
920152;7;F;;
920155;7;F;;
920156;7;F;;
920157;7;F;;
920872;11;F;;
920875;11;F;;
920877;11;F;;
920878;11;F;;
920873;9;F;;
920874;9;F;;
920876;9;F;;
920879;9;F;;
920880;9;F;;
920882;9;F;;
920822;1;F;;
920823;1;F;;
920832;11;F;;
920804;11;F;;
920805;11;F;;
920808;11;F;;
920837;8;F;;
920838;8;F;;
920841;8;F;;
920806;2;F;;
920810;2;F;;
920812;2;F;;
920814;2;F;;
920818;2;F;;
920821;2;F;;
920831;1;F;;
920834;9;F;;
920835;9;F;;
920845;9;F;;
920847;9;F;;
920850;9;F;;
920869;9;F;;
920854;9;F;;
920856;9;F;;
920889;9;F;;
920888;9;F;;
920836;11;F;;
920839;11;F;;
920840;11;F;;
920842;11;F;;
920843;11;F;;
920852;11;F;;
920890;11;F;;
920857;8;F;;
920858;8;F;;
920853;8;F;;
920323;4;F;;
920362;7;F;;
920363;7;F;;
920244;2;F;;
920248;2;F;;
920249;2;F;;
920251;2;F;;
920253;2;F;;
920260;2;F;;
920899;7;F;;
920897;8;F;;
920116;9;F;;
920891;8;F;;
920893;2;F;;
920104;5;F;;
920961;7;T;;
920968;1;F;;
920828;5;F;;
920978;1;F;;
910629;1;F;;
910537;1;F;;
910540;1;F;;
910531;1;F;;
910577;1;F;;
890763;11;F;;
920343;8;F;;
920980;10;F;;
910532;1;F;;
910524;1;F;;
910525;1;F;;
920974;4;F;;
920908;8;F;;
920242;5;F;;
910583;1;F;;
910596;1;F;;
910542;1;F;;
910534;1;F;;
920210;8;F;;
920030;8;F;;
920334;5;F;;
920331;5;F;;
920972;9;F;;
920330;7;F;;
910072;5;F;;
920871;4;F;;
921049;7;F;;
921044;7;F;;
921045;11;F;;
921046;7;F;;
921047;7;F;;
921048;7;F;;
921050;7;F;;
921051;2;F;;
921052;7;F;;
921024;2;F;;
921027;2;F;;
921028;11;F;;
921029;2;F;;
921001;9;F;;
920999;11;F;;
920997;9;F;;
920998;9;F;;
921022;11;F;;
921006;5;F;;
921011;5;F;;
921013;5;F;;
921053;4;F;;
921055;11;F;;
921056;4;F;;
921057;4;F;;
921038;11;F;;
921034;8;F;;
920986;4;F;;
920987;4;F;;
920985;11;F;;
921033;5;F;;
921035;7;F;;
921036;11;F;;
921037;7;F;;
921005;10;F;;
921063;7;F;;
870377;10;F;;
910734;5;F;;
921043;2;F;;
921067;9;F;;
850098;9;F;;
910388;1;F;;
910541;1;F;;
910543;1;F;;
911037;1;F;;
910535;1;F;;
921000;9;F;;
920975;1;F;;
880145;2;F;;
920346;8;F;;
910581;8;F;;
910548;1;F;;
911055;1;F;;
910551;1;F;;
920881;1;F;;
920870;1;F;;
921016;1;F;;
921017;1;F;;
921018;1;F;;
900654;4;F;;
930352;8;F;;
930357;2;F;;
930358;8;F;;
930364;5;F;;
930366;7;F;;
930368;8;F;;
930369;7;F;;
930378;7;F;;
930381;7;F;;
930390;7;F;;
930395;4;F;;
930410;7;F;;
930411;7;F;;
930412;5;F;;
930418;7;F;;
930426;7;F;;
930427;7;F;;
930433;7;F;;
930434;7;F;;
930437;2;T;;
930440;7;F;;
930453;7;F;;
930457;9;F;;
930458;7;F;;
930467;7;F;;
930470;7;F;;
930475;5;F;;
930477;7;F;;
930479;9;F;;
930480;7;F;;
930487;7;F;;
930490;7;F;;
930495;7;F;;
930498;9;F;;
930501;7;F;;
930508;7;F;;
930514;8;F;;
930515;7;F;;
930522;7;F;;
930525;7;F;;
930523;8;F;;
930534;7;F;;
930535;7;F;;
930406;5;F;;
930546;7;F;;
930571;2;F;;
930578;4;F;;
930580;7;F;;
930581;7;F;;
930584;7;F;;
930585;7;F;;
930587;9;F;;
930588;8;F;;
930591;9;F;;
930592;8;F;;
930595;10;F;;
930599;4;F;;
930602;4;F;;
930776;8;F;;
930780;9;F;;
930783;2;F;;
930850;5;F;;
930857;4;F;;
930858;5;F;;
930880;4;F;;
930785;4;F;;
930789;4;F;;
930787;9;F;;
930794;10;F;;
930797;4;F;;
930795;9;F;;
930800;9;F;;
930803;4;F;;
930805;9;F;;
930820;7;F;;
930831;5;F;;
930833;7;F;;
930836;7;F;;
930841;7;F;;
930845;7;F;;
930560;7;F;;
930562;10;F;;
930547;10;F;;
930553;8;F;;
930555;8;F;;
930015;9;F;;
930016;8;F;;
930017;9;F;;
930018;9;F;;
930020;9;F;;
930021;9;F;;
930022;9;F;;
930028;9;F;;
930029;9;F;;
930030;9;F;;
930031;10;F;;
930082;8;F;;
930083;8;F;;
930084;8;F;;
930085;8;F;;
930086;8;F;;
930087;8;F;;
930089;8;F;;
930092;8;F;;
930094;8;F;;
930095;8;F;;
930096;8;F;;
930097;8;F;;
930098;8;F;;
930099;10;F;;
930100;8;F;;
930101;8;F;;
930102;8;F;;
930104;7;F;;
930105;7;F;;
930108;7;F;;
930109;7;F;;
930110;7;F;;
930111;7;F;;
930113;7;F;;
930114;7;F;;
930115;7;F;;
930116;7;F;;
930119;7;F;;
930120;7;F;;
930228;7;F;;
930047;10;F;;
930049;5;F;;
930050;5;F;;
930053;5;F;;
930054;5;F;;
930055;5;F;;
930056;5;F;;
930057;10;F;;
930058;5;F;;
930059;5;F;;
930060;5;F;;
930061;5;F;;
930062;5;F;;
930063;5;F;;
930064;5;F;;
930065;5;F;;
930067;10;F;;
930073;4;F;;
930075;4;F;;
930076;4;F;;
930141;10;F;;
930143;2;F;;
930145;2;F;;
930148;2;F;;
930151;2;F;;
930153;2;F;;
930219;8;F;;
930220;8;F;;
930221;8;F;;
930224;8;F;;
930225;8;F;;
930226;8;F;;
930155;1;F;;
930161;1;F;;
930162;1;F;;
930166;1;F;;
930171;9;F;;
930177;9;F;;
930178;9;F;;
930180;7;F;;
930184;7;F;;
930185;7;F;;
930187;7;F;;
930188;7;F;;
930190;7;F;;
930192;7;F;;
930193;10;F;;
930195;7;F;;
930196;1;F;;
930251;6;F;;
930257;6;F;;
930267;5;F;;
930268;5;F;;
930269;5;F;;
930270;5;F;;
930271;5;F;;
930272;5;F;;
930273;5;F;;
930274;5;F;;
930275;5;F;;
930276;5;F;;
930277;5;F;;
930278;5;F;;
930279;5;F;;
930280;5;F;;
930281;5;F;;
930282;5;F;;
930284;4;F;;
930285;4;F;;
930208;5;F;;
930209;5;F;;
930210;5;F;;
930289;4;F;;
930211;5;F;;
930212;10;F;;
930290;4;F;;
930213;10;F;;
930214;5;F;;
930215;5;F;;
930293;4;F;;
930217;5;F;;
930294;4;F;;
930295;4;F;;
930604;4;F;;
930306;9;F;;
930229;2;F;;
930231;2;F;;
930235;2;F;;
930237;2;F;;
930315;7;F;;
930300;1;F;;
930319;10;F;;
930303;2;F;;
930329;8;F;;
930330;8;F;;
930332;8;F;;
930121;8;F;;
930333;8;F;;
930334;8;F;;
930122;8;F;;
930335;8;F;;
930123;8;F;;
930336;8;F;;
930124;8;F;;
930337;8;F;;
930125;8;F;;
930338;8;F;;
930339;8;F;;
930126;8;F;;
930444;8;F;;
930127;2;F;;
930128;10;F;;
930129;8;F;;
930341;1;F;;
930130;8;F;;
930348;1;F;;
930349;1;F;;
930672;10;F;;
930673;10;F;;
930674;10;F;;
930675;1;F;;
930676;10;F;;
930681;10;F;;
930685;10;F;;
930680;2;F;;
930688;2;F;;
930699;11;F;;
930721;7;F;;
930725;7;F;;
930731;10;F;;
930740;2;F;;
930801;10;F;;
930702;7;F;;
930704;7;F;;
930711;9;F;;
930633;5;F;;
930639;11;F;;
930641;5;F;;
930652;11;F;;
930656;11;F;;
930659;7;F;;
930660;9;F;;
930658;5;F;;
930621;2;F;;
930613;11;F;;
930614;4;F;;
930626;7;F;;
930628;1;F;;
930634;8;F;;
880097;2;F;;
930890;2;F;;
930646;8;F;;
930647;6;F;;
930934;5;F;;
930930;1;F;;
930642;1;F;;
930927;1;F;;
930883;1;F;;
930894;1;F;;
930961;1;F;;
930963;1;F;;
930886;1;F;;
930895;11;F;;
930898;5;F;;
930899;5;F;;
930901;5;F;;
930906;5;F;;
930917;5;F;;
930926;5;F;;
930940;11;F;;
930884;5;F;;
930951;4;F;;
930953;4;F;;
930955;10;F;;
930956;4;F;;
930958;4;F;;
930911;2;F;;
930891;2;F;;
930892;2;F;;
930608;2;F;;
930607;2;F;;
930920;2;F;;
930950;2;F;;
930945;11;F;;
921015;5;F;;
930931;7;F;;
930435;7;F;;
930422;7;F;;
930968;2;F;;
880208;11;F;;
931012;10;F;;
931013;10;F;;
931000;2;F;;
931001;2;F;;
931006;7;F;;
930972;5;F;;
930974;9;F;;
930978;5;F;;
930981;9;F;;
930986;5;F;;
930980;4;F;;
930979;9;F;;
931016;2;F;;
930222;9;F;;
931029;8;F;;
930664;8;F;;
930990;7;T;;
930992;7;F;;
930995;7;F;;
930998;7;F;;
930252;5;F;;
930262;5;F;;
930988;1;F;;
930752;2;F;;
930045;2;F;;
930048;5;F;;
930908;9;F;;
930705;9;F;;
930753;2;F;;
930755;2;F;;
930985;5;F;;
930051;5;F;;
930653;4;F;;
930643;2;F;;
880099;1;F;;
931077;2;F;;
931080;2;F;;
931082;2;F;;
931051;2;F;;
931052;10;F;;
931053;2;F;;
931043;9;F;;
931045;9;F;;
931048;9;F;;
931032;7;F;;
931034;7;F;;
931084;4;F;;
930969;4;F;;
931089;4;F;;
931057;5;F;;
931056;5;F;;
931090;11;F;;
931064;11;F;;
931036;11;F;;
931037;4;F;;
931042;7;F;;
931041;5;F;;
931092;5;F;;
931094;5;F;;
931059;8;F;;
931060;8;F;;
931061;8;F;;
931063;8;F;;
931066;10;F;;
931067;10;F;;
931068;8;F;;
931069;8;F;;
931070;10;F;;
930637;8;F;;
930638;8;F;;
931055;9;F;;
931047;11;F;;
931098;7;F;;
930915;4;F;;
930925;11;F;;
931100;8;F;;
931101;8;F;;
880229;10;F;;
921003;1;F;;
921054;1;F;;
930959;1;F;;
930960;1;F;;
931099;1;F;;
931103;1;F;;
931097;1;F;;
931106;11;F;;
931105;1;F;;
930046;9;F;;
921002;1;F;;
930957;1;F;;
931086;1;F;;
930905;1;F;;
931035;1;F;;
931038;1;F;;
930052;1;F;;
931096;1;F;;
940123;9;F;;
940165;9;F;;
940048;10;F;;
940103;8;F;;
940105;10;F;;
940106;10;F;;
940129;4;F;;
940130;4;F;;
940203;4;F;;
940216;4;F;;
940217;4;F;;
940225;5;F;;
940227;5;F;;
940263;5;F;;
940264;5;F;;
940277;5;F;;
940278;5;F;;
940279;5;F;;
940307;8;F;;
940424;8;F;;
940020;8;F;;
940247;7;F;;
940302;10;F;;
940015;4;F;;
940018;4;F;;
940176;4;F;;
940184;5;F;;
940185;5;F;;
940186;5;F;;
940187;5;F;;
940188;5;F;;
940189;5;F;;
940190;5;F;;
940191;5;F;;
940192;5;F;;
940194;5;F;;
940197;5;F;;
940198;5;F;;
940200;5;F;;
940204;5;F;;
940207;5;F;;
940333;10;F;;
940346;10;F;;
940349;10;F;;
940357;1;F;;
940092;8;F;;
940376;8;F;;
940056;5;F;;
940075;5;F;;
940121;5;F;;
940127;5;F;;
940258;5;F;;
940368;5;F;;
940369;5;F;;
940249;2;F;;
940175;1;F;;
940014;2;F;;
940541;2;F;;
940543;9;F;;
940545;2;F;;
940547;8;F;;
940548;9;F;;
940551;2;F;;
940554;8;F;;
940544;9;F;;
940550;2;F;;
940549;4;F;;
940552;5;F;;
940555;5;F;;
940559;7;F;;
940560;7;F;;
940565;7;F;;
940561;7;F;;
940563;5;F;;
940568;2;F;;
940601;4;F;;
940604;5;F;;
940610;7;F;;
940613;7;F;;
940570;2;F;;
940620;5;F;;
940624;4;F;;
940575;7;F;;
940626;10;F;;
940578;7;F;;
940628;4;F;;
940580;5;F;;
940629;5;F;;
940631;7;F;;
940585;2;F;;
940632;7;F;;
940586;2;F;;
940634;5;F;;
940635;4;F;;
940590;5;F;;
940638;4;F;;
940639;5;F;;
940616;7;F;;
940591;7;F;;
940641;7;F;;
940642;7;F;;
940644;5;F;;
940645;4;F;;
940593;7;F;;
940648;4;T;;
940595;5;F;;
940649;5;F;;
940650;10;F;;
940599;2;F;;
940602;2;F;;
940652;10;F;;
940653;7;T;;
940654;10;F;;
940608;5;F;;
940614;7;F;;
940619;5;F;;
940623;2;F;;
940655;2;F;;
940556;2;F;;
940562;4;F;;
940564;5;F;;
940569;7;F;;
940571;9;F;;
940574;9;F;;
940668;5;F;;
940577;7;F;;
940674;7;F;;
940584;5;F;;
940676;8;F;;
940587;4;F;;
940677;9;F;;
940592;2;F;;
940680;9;F;;
940598;2;F;;
940683;8;F;;
940603;4;F;;
940684;7;F;;
940606;5;F;;
940688;5;F;;
940611;7;F;;
940612;9;F;;
940615;9;F;;
940618;7;F;;
940697;5;F;;
940621;10;F;;
940659;5;F;;
940660;4;F;;
940700;7;F;;
940662;2;F;;
940701;8;F;;
940663;2;F;;
940702;9;F;;
940666;4;F;;
940667;5;F;;
940703;9;F;;
940704;8;F;;
940670;7;F;;
940705;7;F;;
940671;9;F;;
940673;9;F;;
940675;7;F;;
940709;5;F;;
940715;5;F;;
940722;7;F;;
940725;8;F;;
940727;9;F;;
940731;9;F;;
940733;8;F;;
940735;7;F;;
940738;5;F;;
940744;10;F;;
940746;5;F;;
940749;7;F;;
940751;8;F;;
940754;9;F;;
940756;9;F;;
940757;8;F;;
940758;7;F;;
940762;5;F;;
940768;5;F;;
940679;5;F;;
940776;7;F;;
940681;4;F;;
940707;2;F;;
940685;2;F;;
940687;2;F;;
940711;8;F;;
940690;4;F;;
940691;5;F;;
940712;8;F;;
940714;2;F;;
940695;10;F;;
940717;2;F;;
940719;8;F;;
940698;9;F;;
940721;8;F;;
940742;2;F;;
940723;2;F;;
940726;2;F;;
940748;10;F;;
940729;8;F;;
940750;4;F;;
940753;5;F;;
940737;2;F;;
940739;10;F;;
940761;9;F;;
940763;9;F;;
940765;7;F;;
940720;7;F;;
940724;7;F;;
940730;6;F;;
940770;5;F;;
940774;4;F;;
940778;2;F;;
940734;7;F;;
940769;3;F;;
940771;10;F;;
940740;7;F;;
940773;4;F;;
940779;3;F;;
940780;8;F;;
940785;9;F;;
940784;3;F;;
940786;8;F;;
940787;8;F;;
940788;9;F;;
940789;9;F;;
940790;8;F;;
940400;11;F;;
940417;2;F;;
940434;2;F;;
940482;2;F;;
940402;1;F;;
940449;1;F;;
940457;1;F;;
940414;1;F;;
940411;1;F;;
940412;1;F;;
940421;1;F;;
940469;11;F;;
940470;11;F;;
940471;11;F;;
940472;1;F;;
940473;1;F;;
940416;1;F;;
940481;1;F;;
940478;1;F;;
940460;11;F;;
940461;1;F;;
940462;1;F;;
940464;11;F;;
940447;2;F;;
940399;1;F;;
940420;1;F;;
940452;1;F;;
940448;1;F;;
940418;1;F;;
940876;2;F;;
940880;8;F;;
940883;9;F;;
940886;2;F;;
940889;8;F;;
940893;9;F;;
940898;2;F;;
940903;8;F;;
940907;2;F;;
940866;10;F;;
940868;4;F;;
940870;5;F;;
940875;5;F;;
940877;4;F;;
940882;4;F;;
940885;5;F;;
940892;5;F;;
940894;4;F;;
940900;4;F;;
940902;10;F;;
940904;5;F;;
940912;5;F;;
940913;4;F;;
940917;5;F;;
940926;5;F;;
940936;5;F;;
940916;2;F;;
940918;4;F;;
940919;5;F;;
940925;10;F;;
940928;9;F;;
940930;9;F;;
940933;7;F;;
940975;5;F;;
940976;4;F;;
940978;2;F;;
940980;2;F;;
940981;4;F;;
940982;5;F;;
940984;7;F;;
940985;9;F;;
940986;9;F;;
940987;7;F;;
940989;5;F;;
940990;4;F;;
940991;2;F;;
940992;7;F;;
940993;4;F;;
940951;7;F;;
940964;7;F;;
940965;10;F;;
940967;6;F;;
940973;7;F;;
940494;11;F;;
940495;1;F;;
940496;1;F;;
940497;1;F;;
940498;1;F;;
940501;2;F;;
940503;2;F;;
940504;2;F;;
940499;11;F;;
940500;11;F;;
941080;10;F;;
940438;9;F;;
940476;5;F;;
940477;5;F;;
940878;7;F;;
940944;2;F;;
941035;10;F;;
941024;2;F;;
940840;10;F;;
940843;10;F;;
940998;11;F;;
941001;7;F;;
941004;7;F;;
941008;11;F;;
941012;7;F;;
941016;11;F;;
940800;1;F;;
940803;2;F;;
940799;2;F;;
940804;7;F;;
940805;7;F;;
940801;2;F;;
940807;2;F;;
940802;7;F;;
940806;7;F;;
940798;11;F;;
940816;10;F;;
940819;3;F;;
940821;3;F;;
940822;3;F;;
940808;9;F;;
940493;5;F;;
940488;5;F;;
940820;1;F;;
940529;5;F;;
940831;2;F;;
940829;1;F;;
940824;1;F;;
940827;1;F;;
940826;1;F;;
940828;1;F;;
940511;1;F;;
940507;11;F;;
941098;7;F;;
940974;10;F;;
940995;8;F;;
941091;8;F;;
941092;7;F;;
941101;2;F;;
941102;2;F;;
941107;7;F;;
941109;8;F;;
941114;7;F;;
941120;2;F;;
941121;2;F;;
941123;10;F;;
941128;8;F;;
941137;7;F;;
941135;7;F;;
940863;8;F;;
941136;11;F;;
931072;1;F;;
940834;4;F;;
940617;7;F;;
941145;2;F;;
941144;7;F;;
940811;10;F;;
940812;9;F;;
940810;2;F;;
940708;8;F;;
920732;8;F;;
930900;1;F;;
940862;1;F;;
890253;6;F;;
900194;8;F;;
910676;8;F;;
940809;8;F;;
890392;2;F;;
940533;1;F;;
900189;4;F;;
900397;11;F;;
941175;1;F;;
941176;10;F;;
941178;1;F;;
941179;1;F;;
941162;7;F;;
941164;7;F;;
941166;7;F;;
941168;7;F;;
941184;11;F;;
941154;9;F;;
941151;1;F;;
941169;11;F;;
941185;5;F;;
941174;5;F;;
941183;5;F;;
941158;1;F;;
941160;1;F;;
941163;1;F;;
941165;11;F;;
941167;1;F;;
941155;1;F;;
941159;5;F;;
941189;1;F;;
941188;1;F;;
941172;8;F;;
941191;11;F;;
941153;1;F;;
941171;10;F;;
941054;7;F;;
931108;2;F;;
930952;1;F;;
901212;11;F;;
910573;11;F;;
941099;1;F;;
940847;1;F;;
941015;1;F;;
941021;1;F;;
940869;1;F;;
931018;1;F;;
941112;1;F;;
941081;1;F;;
941152;1;F;;
941170;1;F;;
941180;1;F;;
941157;1;F;;
941181;1;F;;
951057;3;F;;
951074;10;F;;
950800;3;F;;
950832;3;F;;
950888;3;F;;
950889;3;F;;
951194;10;F;;
951201;2;F;;
951098;9;F;;
951118;9;F;;
951125;9;F;;
951143;9;F;;
950643;2;F;;
950679;10;F;;
950852;2;F;;
950853;2;F;;
951198;2;F;;
950767;2;F;;
950808;2;F;;
950830;2;F;;
950692;10;F;;
950840;10;F;;
951080;10;F;;
951090;9;F;;
951091;9;F;;
951092;9;F;;
951094;9;F;;
951160;10;F;;
951183;10;F;;
951184;10;F;;
951185;10;F;;
951187;4;F;;
950099;1;F;;
950102;1;F;;
950104;1;F;;
950107;1;F;;
950109;1;F;;
950111;1;F;;
950113;1;F;;
950115;1;F;;
950451;1;F;;
950025;1;F;;
950029;1;F;;
950037;1;F;;
950044;10;F;;
950045;4;F;;
950051;8;F;;
950073;1;F;;
950075;4;F;;
950077;1;F;;
950189;8;F;;
950192;8;F;;
950196;1;F;;
950197;4;F;;
950199;1;F;;
950200;4;F;;
950202;1;F;;
950205;8;F;;
950206;1;F;;
950207;10;F;;
950210;8;F;;
950211;1;F;;
950219;1;F;;
950220;4;F;;
950223;1;F;;
950224;1;F;;
951053;4;F;;
950133;1;F;;
950151;1;F;;
950156;1;F;;
950160;1;F;;
950164;1;F;;
950168;1;F;;
950177;1;F;;
950181;1;F;;
950460;1;F;;
950464;1;F;;
950016;1;F;;
950024;1;F;;
950038;4;F;;
950043;1;F;;
950046;4;F;;
950049;1;F;;
950058;1;F;;
950060;4;F;;
950061;1;F;;
950064;1;F;;
950065;4;F;;
950066;1;F;;
950070;4;F;;
950072;1;F;;
950078;1;F;;
950080;1;F;;
950235;4;F;;
950236;1;F;;
950243;1;F;;
950245;1;F;;
950531;1;F;;
950068;7;F;;
950266;7;F;;
950153;7;F;;
950276;7;F;;
950287;7;F;;
950475;7;F;;
951033;7;F;;
950015;1;F;;
950040;1;F;;
950056;1;F;;
950062;1;F;;
950338;1;F;;
950348;1;F;;
950353;1;F;;
950364;1;F;;
950367;1;F;;
950370;1;F;;
950376;4;F;;
950382;1;F;;
950483;4;F;;
950388;7;F;;
950396;10;F;;
950409;7;F;;
950412;10;F;;
950417;7;F;;
950419;7;F;;
951038;7;F;;
950227;10;F;;
950228;1;F;;
950229;1;F;;
950230;1;F;;
950231;1;F;;
950232;1;F;;
950233;1;F;;
950234;10;F;;
950289;1;F;;
950292;1;F;;
950296;1;F;;
950301;1;F;;
950304;1;F;;
950584;1;F;;
950313;10;F;;
950319;10;F;;
950321;10;F;;
951054;11;F;;
950325;1;F;;
950326;1;F;;
950327;1;F;;
950329;1;F;;
950330;1;F;;
950333;1;F;;
950334;1;F;;
950537;1;F;;
950508;1;F;;
950017;1;F;;
950018;1;F;;
950019;1;F;;
950020;1;F;;
950031;1;F;;
950039;1;F;;
950054;1;F;;
950429;1;F;;
950430;1;F;;
950431;1;F;;
950432;1;F;;
950436;1;F;;
950437;1;F;;
950487;1;F;;
950536;1;F;;
950098;8;F;;
950407;8;F;;
950442;5;F;;
950444;5;F;;
950445;8;F;;
950446;5;F;;
950447;8;F;;
950449;8;F;;
950085;8;F;;
950937;5;F;;
950940;7;F;;
950944;5;F;;
950945;7;F;;
950949;5;F;;
950951;7;F;;
950952;5;F;;
950954;7;F;;
950955;5;F;;
950956;7;F;;
950957;5;F;;
950958;7;F;;
950919;8;F;;
950923;8;F;;
950928;8;F;;
950932;8;F;;
950935;8;F;;
950588;7;F;;
950592;11;F;;
950594;11;F;;
950525;7;F;;
950591;7;F;;
950873;5;F;;
950871;5;F;;
950552;7;F;;
950555;7;F;;
950974;11;F;;
950601;7;F;;
950602;7;F;;
950598;7;F;;
950600;7;F;;
950519;8;F;;
950603;5;F;;
950606;5;F;;
950523;5;F;;
950559;11;F;;
950560;11;F;;
950563;6;F;;
950581;5;F;;
950609;1;F;;
950608;7;F;;
950524;7;F;;
950612;5;F;;
950558;8;F;;
950571;6;F;;
950968;5;F;;
950984;5;F;;
950882;5;F;;
950978;7;F;;
950980;7;F;;
950985;7;F;;
950990;7;F;;
950992;7;F;;
950994;7;F;;
950995;8;F;;
950996;7;F;;
950998;7;F;;
951000;7;F;;
950999;7;F;;
950890;7;F;;
950892;7;F;;
950894;7;F;;
950899;7;F;;
950904;7;F;;
950905;8;F;;
950906;7;F;;
950908;7;F;;
950909;8;F;;
950910;7;F;;
950912;10;F;;
950913;7;F;;
950914;8;F;;
951007;11;F;;
951013;11;F;;
951014;11;F;;
951015;11;F;;
950496;4;F;;
951213;7;F;;
950497;8;F;;
950564;11;F;;
950498;1;F;;
930792;4;F;;
950499;7;F;;
951226;1;F;;
951175;11;F;;
951252;10;F;;
950493;4;F;;
951251;5;F;;
951255;10;F;;
951257;8;F;;
951258;10;F;;
931027;5;F;;
951260;5;F;;
890473;6;F;;
900420;4;F;;
940455;7;F;;
950101;1;F;;
950576;10;F;;
920979;1;F;;
951008;7;F;;
951267;1;F;;
951268;7;F;;
951272;5;F;;
951270;5;F;;
951273;11;F;;
951294;9;F;;
951295;9;F;;
951296;9;F;;
951274;7;F;;
951278;2;F;;
951279;10;F;;
951280;10;F;;
951284;1;F;;
951283;11;F;;
951286;5;F;;
951287;8;F;;
951282;10;F;;
951276;5;F;;
951297;7;F;;
951281;11;F;;
951303;8;F;;
951301;9;F;;
950605;8;F;;
960560;3;F;;
960564;2;F;;
960438;2;F;;
960442;10;F;;
960861;9;F;;
960403;3;F;;
960409;3;F;;
960422;3;F;;
960459;2;F;;
960478;3;F;;
960482;3;F;;
960513;3;F;;
960532;2;F;;
960666;3;F;;
960635;10;F;;
960740;2;F;;
960730;2;F;;
960587;2;F;;
960765;2;F;;
960787;2;F;;
960815;2;F;;
960829;3;F;;
960245;1;F;;
960182;1;F;;
960018;1;F;;
960043;10;F;;
960212;1;F;;
960221;10;F;;
960344;1;F;;
960070;1;F;;
960141;5;F;;
960165;5;F;;
960200;7;F;;
960203;8;F;;
960205;5;F;;
960238;8;F;;
960273;5;F;;
960301;8;F;;
960302;1;F;;
960314;5;F;;
960117;8;F;;
960213;10;F;;
960243;1;F;;
960333;1;F;;
960155;5;F;;
960358;1;F;;
960086;11;F;;
960371;7;F;;
960338;1;F;;
960503;1;F;;
960146;5;F;;
960246;8;F;;
960062;9;F;;
960254;1;F;;
960285;5;F;;
960123;10;F;;
960543;5;F;;
960157;4;F;;
960022;5;F;;
960025;1;F;;
960233;10;F;;
960325;4;F;;
960041;5;F;;
960049;1;F;;
960276;9;F;;
960052;5;F;;
960059;1;F;;
960078;5;F;;
960154;5;F;;
960261;5;F;;
960310;5;F;;
960054;1;F;;
960376;1;F;;
960500;1;F;;
960151;5;F;;
960171;1;F;;
960191;5;F;;
960239;1;F;;
960346;5;F;;
960074;8;F;;
960071;8;F;;
960089;8;F;;
960095;8;F;;
960120;8;F;;
960136;8;F;;
960144;8;F;;
960370;1;F;;
960196;8;F;;
960522;5;F;;
960945;1;F;;
960368;8;F;;
960492;8;F;;
960884;8;F;;
961026;4;F;;
960055;10;F;;
961022;8;F;;
961031;1;F;;
960230;1;F;;
960328;1;F;;
960332;1;F;;
960014;1;F;;
960044;4;F;;
960268;1;F;;
960198;11;F;;
960258;6;F;;
960298;7;F;;
960347;7;F;;
960201;10;F;;
960907;10;F;;
960910;9;F;;
960911;9;F;;
960913;9;F;;
960914;10;F;;
961005;5;F;;
961014;5;F;;
961016;5;F;;
960999;10;F;;
961001;10;F;;
960929;9;F;;
960969;11;F;;
960978;8;F;;
960982;8;F;;
960536;11;F;;
960514;3;F;;
960601;3;F;;
960761;3;F;;
960862;11;F;;
960875;3;F;;
960795;11;F;;
960873;11;F;;
960772;2;F;;
960367;2;F;;
960355;11;F;;
961037;11;F;;
960299;1;F;;
960324;1;F;;
960291;1;F;;
960317;1;F;;
960869;1;F;;
960541;1;F;;
960803;1;F;;
960877;1;F;;
951063;8;F;;
960219;1;F;;
960229;1;F;;
961063;11;F;;
961082;2;F;;
961085;11;F;;
961084;7;F;;
961043;3;F;;
961121;10;F;;
961088;1;F;;
961128;8;F;;
961131;1;F;;
930382;7;F;;
940957;8;F;;
940890;4;F;;
940633;8;F;;
940906;5;F;;
940567;8;F;;
940609;4;F;;
940658;5;F;;
940736;4;F;;
940747;9;F;;
940922;8;F;;
940935;5;F;;
940983;4;F;;
940994;4;F;;
940948;7;F;;
940979;5;F;;
950732;5;F;;
950746;5;F;;
951129;5;F;;
950652;5;F;;
950672;5;F;;
950848;5;F;;
950645;5;F;;
950750;5;F;;
951149;5;F;;
951169;5;F;;
950683;5;F;;
950686;5;F;;
950783;4;F;;
951161;4;F;;
951168;4;F;;
950761;4;F;;
951131;4;F;;
950696;4;F;;
951206;6;F;;
951207;6;F;;
950739;6;F;;
950841;6;F;;
951079;6;F;;
951087;6;F;;
951089;6;F;;
951068;7;F;;
951075;7;F;;
951078;7;F;;
950753;7;F;;
950768;7;F;;
950791;7;F;;
950809;7;F;;
951100;7;F;;
951135;7;F;;
951146;7;F;;
951173;7;F;;
950648;7;F;;
950702;7;F;;
950844;7;T;;
950625;7;F;;
950651;7;F;;
950662;7;F;;
950675;7;F;;
950851;7;F;;
950725;7;F;;
950792;7;F;;
950823;7;F;;
951141;7;F;;
951157;7;F;;
951172;7;F;;
951081;7;F;;
951083;7;F;;
951204;8;F;;
950757;8;F;;
951099;8;F;;
951122;8;F;;
950843;8;F;;
950676;8;F;;
950854;8;F;;
950756;8;F;;
950810;8;F;;
951114;8;F;;
951152;8;F;;
951158;8;F;;
950641;8;F;;
950687;8;F;;
950704;8;F;;
961164;10;F;;
890328;4;T;;
951071;7;F;;
950842;7;F;;
940873;7;F;;
920517;8;F;;
961173;5;F;;
961178;5;F;;
961060;4;F;;
961176;2;F;;
961179;5;F;;
961188;11;F;;
961190;4;F;;
961192;11;F;;
961199;11;F;;
961206;11;F;;
961207;5;F;;
961201;11;F;;
920751;5;F;;
950903;7;F;;
931028;1;F;;
960073;8;F;;
960854;1;F;;
960354;1;F;;
950590;1;F;;
961209;1;F;;
961182;6;F;;
931024;1;F;;
931050;1;F;;
941161;1;F;;
951212;1;F;;
931019;1;F;;
951277;1;F;;
940502;1;F;;
951275;1;F;;
970178;8;F;;
970217;8;F;;
970221;5;F;;
970227;8;F;;
970275;8;F;;
970327;8;F;;
970391;8;F;;
970049;7;F;;
970067;8;F;;
970080;7;F;;
970136;7;F;;
970149;8;F;;
970165;7;F;;
970167;8;F;;
970190;7;F;;
970211;8;F;;
970263;8;F;;
970279;7;F;;
970281;8;F;;
970308;7;F;;
970309;8;F;;
970107;8;F;;
970483;7;F;;
970495;8;F;;
970248;6;F;;
970267;6;F;;
970323;1;F;;
970322;1;F;;
970017;7;F;;
970035;7;F;;
970047;7;F;;
970064;7;F;;
970169;7;F;;
970229;5;F;;
970300;7;F;;
970320;5;F;;
970392;11;F;;
970544;5;F;;
970154;7;F;;
970329;7;F;;
970501;5;F;;
970301;5;F;;
970162;7;F;;
970273;5;F;;
970311;6;F;;
970277;6;F;;
970023;7;F;;
970024;8;F;;
970032;7;F;;
970033;8;F;;
970045;7;F;;
970070;7;F;;
970087;8;F;;
970143;7;F;;
970150;8;F;;
970206;7;F;;
970245;7;F;;
970246;8;F;;
970330;4;F;;
970377;8;F;;
970140;7;F;;
970052;6;F;;
970055;1;F;;
970113;1;F;;
970288;1;F;;
970295;1;F;;
970296;1;F;;
970317;1;F;;
970331;1;F;;
970461;1;F;;
970464;1;F;;
970086;1;F;;
970127;1;F;;
970139;1;F;;
970219;1;F;;
970337;1;F;;
970341;1;F;;
970053;1;F;;
970343;1;F;;
970132;1;F;;
970286;1;F;;
970367;11;F;;
970364;5;F;;
970369;5;F;;
970382;5;F;;
970383;5;F;;
970386;5;F;;
970500;5;F;;
970563;5;F;;
970565;5;F;;
970574;5;F;;
970582;5;F;;
970396;5;F;;
970590;5;F;;
970358;5;F;;
970374;11;F;;
970484;11;F;;
970543;11;F;;
970572;5;F;;
970570;5;F;;
970566;5;F;;
970476;5;F;;
970472;5;F;;
970428;5;F;;
970414;5;F;;
970381;5;F;;
970431;7;F;;
970432;10;F;;
970434;10;F;;
970435;7;F;;
970438;4;F;;
970439;7;F;;
970442;7;F;;
970443;4;F;;
970444;7;F;;
970446;7;F;;
970449;10;F;;
970400;10;F;;
970459;10;F;;
970471;10;F;;
970474;10;F;;
970404;9;F;;
970538;9;F;;
970456;4;F;;
970488;7;F;;
970490;4;F;;
970491;7;F;;
970492;4;F;;
970493;10;F;;
970494;7;F;;
970497;4;F;;
970499;10;F;;
970502;7;F;;
970504;7;F;;
970508;7;F;;
970510;7;F;;
970512;4;F;;
970513;7;F;;
970407;10;F;;
970409;10;F;;
970411;8;F;;
970413;10;F;;
970418;10;F;;
970422;8;F;;
970423;10;F;;
970516;6;F;;
970521;4;F;;
970524;4;F;;
970571;9;F;;
970632;9;F;;
970363;9;F;;
970605;11;F;;
970663;11;F;;
970671;6;F;;
970557;8;F;;
970636;4;F;;
970345;11;F;;
970466;8;F;;
970561;2;F;;
970607;2;F;;
970594;2;F;;
970611;11;F;;
970351;11;F;;
970589;11;F;;
970643;3;F;;
970591;3;F;;
970600;11;F;;
970575;9;F;;
970372;11;F;;
970698;11;F;;
970684;8;F;;
970697;6;F;;
970705;11;F;;
970651;3;F;;
970706;6;F;;
970588;4;F;;
970716;6;F;;
970724;1;F;;
970721;7;F;;
970730;9;F;;
920704;8;F;;
940872;4;F;;
970736;9;F;;
960555;4;F;;
960559;4;F;;
960563;6;F;;
960565;8;F;;
960567;4;F;;
960630;8;F;;
960566;8;F;;
960434;7;F;;
960444;7;F;;
960684;7;F;;
960689;7;F;;
960691;7;F;;
960693;5;F;;
960697;8;F;;
960701;5;F;;
960704;6;F;;
960709;8;F;;
960714;6;F;;
960723;6;F;;
960725;7;F;;
961065;8;F;;
961072;5;F;;
960800;7;F;;
960805;5;F;;
960812;5;F;;
960830;7;F;;
960838;5;F;;
960849;6;F;;
960858;7;F;;
960867;5;F;;
960391;7;F;;
960392;6;F;;
960396;7;F;;
960400;7;F;;
960404;7;F;;
960406;4;F;;
960413;7;F;;
960417;4;F;;
960419;7;F;;
970048;8;F;;
970547;7;F;;
960451;5;F;;
960458;5;F;;
960463;7;F;;
960468;5;F;;
960471;7;F;;
960481;7;F;;
960483;8;F;;
960488;6;T;;
960490;7;F;;
960494;8;F;;
960499;6;F;;
960501;7;F;;
960509;6;F;;
960510;7;F;;
960520;7;F;;
960526;8;F;;
960546;7;F;;
960547;6;F;;
960550;4;F;;
960658;7;F;;
960674;7;F;;
960677;5;F;;
960680;8;F;;
960681;7;F;;
961068;8;F;;
961069;7;F;;
961070;6;T;;
960545;5;F;;
960623;8;F;;
960637;7;F;;
960638;8;F;;
960641;5;F;;
960646;8;F;;
960650;7;F;;
960659;7;F;;
960664;5;F;;
960670;7;F;;
960696;8;F;;
960702;5;F;;
960705;7;F;;
960712;5;F;;
960717;7;F;;
960719;8;F;;
960609;8;F;;
960731;6;F;;
960739;4;F;;
960580;7;F;;
960593;7;F;;
960770;7;F;;
960777;8;F;;
960828;8;F;;
970593;5;F;;
970609;1;F;;
970354;5;F;;
970742;6;F;;
970750;2;F;;
970755;10;F;;
970781;2;F;;
970804;10;F;;
970820;2;F;;
970957;2;F;;
970901;2;F;;
970916;3;F;;
970868;2;F;;
970876;3;T;;
970918;3;F;;
971009;3;F;;
971032;2;F;;
971065;2;F;;
971066;2;F;;
971067;3;F;;
971069;10;F;;
971070;2;F;;
971074;2;F;;
971077;3;F;;
971078;2;F;;
971079;2;F;;
971082;2;F;;
971084;3;F;;
971087;2;F;;
971092;3;F;;
971093;3;F;;
971105;10;F;;
970847;10;F;;
971119;2;F;;
971128;3;F;;
971133;3;F;;
971132;3;F;;
971134;2;F;;
971135;2;F;;
971137;3;F;;
971138;2;F;;
971139;2;F;;
971145;10;F;;
971158;2;F;;
971161;3;F;;
971165;3;F;;
971167;3;F;;
971169;2;F;;
971176;2;F;;
971162;2;F;;
971171;10;F;;
971174;2;F;;
971177;2;F;;
971187;2;F;;
951121;8;F;;
971035;2;F;;
960394;4;F;;
971217;9;F;;
971226;9;F;;
971227;9;F;;
971228;9;F;;
971229;9;F;;
971232;9;F;;
971234;9;F;;
961172;1;F;;
920601;6;F;;
971241;9;F;;
971255;11;F;;
971262;11;F;;
971278;11;F;;
971239;3;F;;
971265;3;F;;
971246;9;F;;
971253;8;F;;
971288;3;F;;
970653;7;F;;
971258;11;F;;
971257;3;F;;
970723;6;F;;
971244;1;F;;
971247;1;F;;
970555;1;F;;
970349;1;F;;
970715;1;F;;
970559;1;F;;
971282;1;F;;
980255;4;F;;
980024;1;F;;
980045;1;F;;
980053;1;F;;
980136;1;F;;
980142;1;F;;
980207;1;F;;
980131;1;F;;
980236;1;F;;
980082;1;F;;
980210;11;F;;
980212;1;F;;
980213;1;F;;
980214;1;F;;
980245;1;F;;
980275;9;F;;
980316;9;F;;
980031;11;F;;
980049;9;F;;
980055;9;F;;
980063;11;F;;
980070;1;F;;
980141;6;F;;
980157;1;F;;
980222;1;F;;
980228;1;F;;
980279;1;F;;
980266;1;F;;
980172;1;F;;
980185;1;F;;
980091;1;F;;
980156;1;F;;
980165;1;F;;
980180;1;F;;
980253;1;F;;
980327;4;F;;
980269;4;F;;
980094;4;F;;
980113;11;F;;
980097;11;F;;
980016;1;F;;
980059;1;F;;
980060;1;F;;
980073;1;F;;
980200;1;F;;
980211;1;F;;
980252;1;F;;
980317;8;F;;
980137;8;F;;
980188;1;F;;
980242;1;F;;
980267;1;F;;
980282;1;F;;
980081;4;F;;
980164;4;F;;
980130;4;F;;
980174;4;F;;
980050;1;F;;
980258;5;F;;
980287;5;F;;
980311;5;F;;
980104;5;F;;
980205;5;F;;
980169;4;F;;
980229;1;F;;
980306;1;F;;
980198;1;F;;
980093;1;F;;
980167;1;F;;
980170;1;F;;
980062;7;F;;
980135;7;F;;
980190;7;F;;
980857;7;F;;
980339;2;F;;
980370;2;F;;
980373;2;F;;
980380;2;F;;
980391;2;F;;
980393;3;T;;
980395;3;F;;
980396;3;F;;
980399;3;F;;
980407;2;F;;
980419;10;F;;
980423;2;F;;
980429;2;F;;
980430;2;F;;
980431;2;F;;
980434;3;F;;
980435;3;F;;
980438;3;F;;
980440;3;F;;
980442;3;F;;
980446;3;F;;
980444;3;F;;
980459;10;F;;
980464;3;F;;
980468;3;F;;
980479;3;F;;
980482;2;F;;
980486;2;F;;
980488;2;F;;
980490;2;F;;
980491;10;F;;
980494;10;F;;
980496;2;F;;
980465;10;F;;
980499;3;F;;
980507;3;F;;
980508;3;F;;
980510;3;F;;
980515;3;F;;
980517;3;F;;
980518;3;F;;
980530;2;F;;
980531;10;F;;
980535;2;F;;
980539;2;F;;
980477;2;F;;
980533;2;F;;
980541;10;F;;
980547;10;F;;
980558;2;F;;
980577;10;F;;
980582;10;F;;
980584;3;F;;
980586;3;F;;
980831;3;F;;
980485;10;F;;
980596;3;F;;
980613;3;F;;
980615;3;F;;
980621;2;F;;
980630;2;F;;
980635;2;F;;
980636;2;F;;
980648;2;F;;
980655;10;F;;
980661;2;F;;
980677;10;F;;
980683;2;F;;
980693;2;F;;
980698;3;F;;
980696;3;F;;
980700;3;F;;
980707;3;F;;
980708;10;F;;
980839;3;F;;
980497;10;F;;
980719;2;F;;
980614;2;F;;
980762;2;F;;
980765;2;F;;
980770;3;F;;
980730;10;F;;
980746;2;F;;
980798;3;F;;
980800;3;F;;
980803;3;F;;
980804;3;F;;
980808;10;F;;
980809;3;F;;
980811;2;F;;
980813;2;F;;
980815;2;F;;
980816;2;F;;
980819;2;F;;
980834;2;F;;
980837;2;F;;
980622;10;F;;
980632;2;F;;
980637;2;F;;
980645;2;F;;
980842;2;F;;
980864;2;F;;
980865;10;F;;
980871;2;F;;
980876;3;F;;
980880;3;F;;
980883;10;F;;
980885;3;F;;
980892;3;F;;
980893;3;F;;
980896;3;F;;
980897;3;F;;
980898;3;F;;
980904;3;F;;
980912;2;F;;
980914;10;F;;
980915;2;F;;
980916;2;F;;
980918;2;F;;
980919;2;F;;
980924;2;F;;
980777;10;F;;
980787;2;F;;
980792;2;F;;
980793;10;F;;
980931;2;F;;
980932;2;F;;
980960;1;F;;
980853;11;F;;
980974;8;F;;
980758;2;F;;
980326;2;F;;
980325;2;F;;
980943;2;F;;
980986;2;F;;
980347;7;F;;
980611;2;F;;
980623;2;F;;
980639;2;F;;
980642;2;F;;
980644;2;F;;
980646;2;F;;
980653;3;F;;
980662;3;F;;
980666;3;F;;
980669;3;F;;
980678;3;F;;
980681;3;F;;
980980;10;F;;
980985;10;F;;
980349;1;F;;
980773;9;F;;
980376;4;F;;
981069;1;F;;
980351;1;F;;
981028;7;F;;
980352;1;F;;
980866;8;F;;
981034;8;F;;
981087;1;F;;
981090;2;F;;
981097;6;F;;
981099;9;F;;
981083;7;F;;
980988;9;F;;
981025;9;F;;
980968;7;F;;
980990;7;F;;
980850;10;F;;
980946;6;F;;
980956;7;F;;
980958;6;F;;
980991;6;F;;
981039;7;F;;
981081;8;F;;
981100;9;F;;
981086;6;F;;
981109;7;F;;
980336;6;F;;
981024;4;F;;
980335;4;F;;
980385;4;F;;
981084;6;F;;
981122;4;F;;
980341;7;F;;
980367;7;F;;
980381;7;F;;
980952;7;F;;
981108;7;F;;
981032;1;F;;
981120;11;F;;
980342;1;F;;
981014;1;F;;
981015;1;F;;
980356;2;F;;
981062;6;F;;
980361;4;F;;
980749;8;F;;
981115;3;F;;
981123;6;F;;
980684;2;F;;
980712;3;F;;
980717;3;F;;
980721;3;F;;
980740;3;F;;
980748;8;F;;
980750;8;F;;
980751;8;F;;
980752;8;F;;
980753;8;F;;
980754;8;F;;
980755;8;F;;
980756;8;F;;
981132;7;F;;
981140;7;F;;
980785;11;F;;
980628;5;F;;
980944;2;F;;
980964;3;F;;
981121;3;F;;
980422;3;F;;
981142;5;F;;
980377;1;F;;
981149;2;F;;
981148;7;F;;
981130;7;F;;
981143;6;F;;
981127;1;F;;
981208;5;F;;
981093;5;F;;
970745;6;F;;
970748;4;F;;
970753;6;F;;
970760;4;F;;
970965;5;F;;
970761;5;F;;
970762;6;F;;
970768;8;F;;
970773;6;F;;
970786;6;F;;
970801;5;F;;
970810;5;F;;
970814;8;F;;
970818;5;F;;
970932;5;F;;
970937;6;F;;
970953;9;F;;
971013;9;F;;
970821;5;F;;
970826;8;F;;
970832;8;F;;
970834;7;F;;
970846;8;F;;
970853;6;F;;
970867;6;F;;
970870;8;F;;
970791;9;F;;
970807;9;F;;
970893;7;F;;
970843;5;T;;
970923;5;F;;
970925;6;F;;
970954;5;F;;
970955;6;F;;
970962;5;F;;
970856;6;T;;
970872;8;F;;
970979;7;F;;
971026;7;F;;
971027;5;F;;
971028;8;F;;
971030;5;F;;
971040;8;F;;
971057;7;F;;
971064;8;F;;
971071;8;F;;
971073;8;F;;
971080;8;F;;
971086;8;F;;
971088;8;F;;
971089;8;F;;
971090;8;F;;
971091;8;F;;
971094;5;F;;
971095;4;F;;
971096;5;F;;
971097;4;F;;
971098;5;F;;
971099;4;F;;
971100;5;F;;
971101;4;F;;
971102;5;F;;
971103;4;F;;
971104;5;F;;
971106;4;F;;
971107;5;F;;
971085;5;F;;
971108;8;F;;
971109;8;F;;
971110;9;F;;
971111;5;F;;
971112;8;F;;
971113;9;F;;
971114;5;F;;
971115;8;F;;
971116;9;F;;
971117;5;F;;
971118;8;F;;
971120;9;F;;
971121;5;F;;
971122;8;F;;
971123;9;F;;
971124;5;F;;
971125;8;F;;
971126;9;F;;
971127;5;F;;
971129;8;F;;
971130;9;F;;
971131;5;F;;
971136;8;F;;
971081;7;F;;
971140;4;F;;
971141;5;F;;
971143;7;F;;
971144;4;F;;
971146;5;F;;
971147;6;F;;
971148;7;F;;
971149;4;F;;
971150;5;F;;
971152;6;F;;
971153;7;F;;
971155;4;F;;
971156;5;F;;
971157;6;F;;
971159;7;F;;
971163;4;F;;
971170;6;F;;
971172;7;F;;
971173;4;F;;
971175;5;F;;
971179;7;F;;
971180;4;F;;
971182;5;F;;
971183;6;F;;
971151;8;F;;
971154;4;F;;
971160;5;F;;
971166;8;F;;
971181;5;F;;
971184;8;F;;
971186;4;F;;
971188;5;F;;
971189;8;F;;
971190;4;F;;
971191;5;F;;
971192;8;F;;
971193;4;F;;
971194;5;F;;
971195;8;F;;
971196;4;F;;
971197;5;F;;
971198;8;F;;
981155;6;F;;
980760;11;F;;
981023;7;F;;
981107;7;F;;
981218;5;F;;
981219;10;F;;
981164;9;F;;
981166;9;F;;
981167;9;F;;
981171;9;F;;
981173;10;F;;
981175;9;F;;
981178;10;F;;
981179;9;F;;
981187;9;F;;
981190;9;F;;
981192;9;F;;
981193;9;F;;
981194;9;T;;
981195;9;T;;
981196;9;F;;
981197;9;F;;
981198;9;F;;
981199;9;F;;
981200;9;T;;
981201;9;F;;
981202;9;F;;
981203;9;F;;
981204;9;F;;
981205;10;F;;
981206;9;F;;
981207;9;T;;
981225;5;F;;
981226;1;F;;
971240;11;F;;
971285;11;F;;
980304;1;F;;
981229;5;F;;
960342;4;F;;
940728;7;F;;
940743;7;F;;
940716;7;F;;
980302;10;F;;
941186;10;F;;
981064;10;F;;
980257;5;F;;
980240;5;F;;
980251;5;F;;
981119;5;F;;
971289;1;F;;
951271;2;F;;
971287;9;F;;
981239;3;F;;
981249;3;F;;
981268;1;F;;
981255;3;F;;
981265;3;F;;
981252;1;F;;
981274;1;F;;
981276;1;F;;
981281;9;F;;
981283;11;F;;
981237;2;F;;
981271;1;F;;
981269;1;F;;
981215;1;F;;
980303;11;F;;
981279;3;F;;
981284;4;F;;
981292;4;F;;
981294;9;F;;
981296;3;F;;
981245;1;F;;
981250;11;F;;
981263;11;F;;
981277;11;F;;
981289;2;F;;
920487;7;F;;
920865;4;F;;
940775;7;F;;
940781;2;F;;
960814;8;F;;
981299;2;F;;
970673;1;F;;
980023;1;F;;
981300;2;F;;
990031;1;F;;
990032;1;F;;
990035;1;F;;
990041;1;F;;
990045;1;F;;
990056;1;F;;
990059;1;F;;
990061;1;F;;
990067;1;F;;
990070;1;F;;
990071;1;F;;
990073;1;F;;
990076;1;F;;
990077;1;F;;
990084;1;F;;
990085;1;F;;
990088;1;F;;
990099;1;F;;
990101;1;F;;
990106;1;F;;
990107;1;F;;
990115;1;F;;
990122;1;F;;
990125;1;F;;
990138;1;F;;
990042;1;F;;
990170;1;F;;
990209;1;F;;
990244;1;F;;
990259;1;F;;
990260;1;F;;
990265;1;F;;
990276;1;F;;
990280;1;F;;
990288;1;F;;
990311;1;F;;
990371;1;F;;
990442;1;F;;
930924;1;F;;
990501;10;F;;
990504;11;F;;
990520;11;F;;
990532;11;F;;
990576;10;F;;
990580;10;F;;
990581;10;F;;
990607;10;F;;
990542;10;F;;
990642;1;F;;
991158;5;F;;
990484;5;F;;
990521;5;F;;
990658;8;F;;
991141;8;F;;
990646;8;F;;
990652;8;F;;
990663;8;F;;
991162;9;F;;
991164;9;F;;
991165;9;F;;
991160;9;F;;
991166;9;F;;
991168;9;F;;
991167;9;F;;
990387;6;F;;
990135;4;F;;
990242;4;F;;
990374;4;F;;
990203;4;F;;
990454;1;F;;
990359;5;F;;
990372;5;F;;
991214;5;F;;
990380;5;F;;
990447;5;F;;
990500;5;F;;
990235;5;F;;
990519;5;F;;
990461;5;F;;
990195;5;F;;
990293;5;F;;
990316;5;F;;
990317;5;F;;
990282;11;F;;
990502;5;F;;
990492;6;F;;
990506;6;F;;
990507;6;F;;
991172;6;F;;
991134;6;F;;
990632;11;F;;
990550;3;F;;
990560;3;F;;
990561;3;F;;
990577;2;F;;
990588;2;F;;
990533;4;F;;
990536;4;F;;
990544;4;F;;
990546;4;F;;
990630;11;F;;
990631;3;F;;
990633;11;F;;
990634;11;F;;
990635;11;F;;
990638;11;F;;
990641;3;F;;
991257;7;F;;
990610;6;F;;
990613;6;F;;
990616;6;F;;
990618;6;F;;
990619;6;F;;
990621;6;F;;
990623;6;F;;
990548;6;F;;
990555;6;F;;
990568;11;F;;
990572;6;F;;
990578;6;F;;
990579;11;F;;
990596;2;F;;
990597;2;F;;
990627;3;F;;
990318;9;F;;
990028;11;F;;
991143;9;F;;
990483;11;F;;
990645;9;F;;
990655;9;F;;
990246;9;F;;
990021;9;F;;
990212;9;F;;
990116;4;F;;
990140;4;F;;
990161;4;F;;
990251;6;F;;
990473;6;F;;
990053;5;F;;
990064;5;F;;
990081;5;F;;
990087;5;F;;
990092;5;F;;
990094;5;F;;
990096;5;F;;
990174;5;F;;
990207;5;F;;
990262;7;F;;
990267;7;F;;
990273;7;F;;
990287;7;F;;
990319;7;F;;
990331;7;F;;
990373;7;F;;
990182;7;F;;
991123;7;F;;
990443;7;F;;
991180;7;F;;
990225;9;F;;
990323;6;F;;
990079;7;F;;
990108;7;F;;
990277;7;F;;
990384;7;F;;
990392;7;F;;
990143;7;F;;
990144;7;F;;
991146;7;F;;
990470;7;F;;
990142;7;F;;
990214;7;F;;
990228;7;F;;
990239;7;F;;
990283;7;F;;
990320;7;F;;
990322;7;F;;
990375;7;F;;
990405;8;F;;
990240;8;F;;
990226;8;F;;
990445;8;F;;
990054;7;F;;
990102;7;F;;
990104;7;F;;
990109;7;F;;
990185;7;F;;
990321;7;F;;
990393;7;F;;
990475;9;F;;
990124;8;F;;
990145;8;F;;
990146;8;F;;
990147;8;F;;
990148;8;F;;
990149;8;F;;
990151;8;F;;
990152;8;F;;
990153;8;F;;
990155;8;F;;
990157;8;F;;
990158;8;F;;
990159;8;F;;
991229;5;F;;
991200;7;F;;
990396;6;F;;
990398;6;F;;
990399;6;F;;
990403;6;F;;
990407;6;F;;
990413;6;F;;
990415;6;F;;
990417;7;F;;
990422;7;F;;
990426;7;F;;
990428;7;F;;
990431;7;F;;
990435;8;F;;
990436;8;F;;
990437;8;F;;
990438;8;F;;
991199;6;F;;
991261;5;F;;
991149;11;F;;
990490;3;F;;
991263;5;F;;
991204;5;F;;
990487;6;F;;
990488;6;F;;
990516;6;F;;
990499;11;F;;
990496;11;F;;
990479;8;F;;
990654;9;F;;
990497;11;F;;
991201;6;F;;
991197;7;F;;
991071;7;F;;
991171;6;F;;
991189;6;F;;
990510;5;F;;
990511;5;F;;
991145;5;F;;
991267;5;F;;
991148;5;F;;
991198;7;F;;
990515;4;F;;
991234;11;F;;
991248;11;F;;
991249;7;F;;
991233;7;F;;
991175;5;F;;
991269;11;F;;
991268;9;F;;
990698;10;F;;
990710;2;F;;
990727;3;F;;
990750;3;F;;
990693;2;F;;
990716;10;F;;
990735;2;F;;
990740;2;F;;
990747;2;F;;
990760;2;F;;
990823;2;F;;
990828;2;F;;
990870;10;F;;
990863;2;F;;
990893;3;F;;
990901;3;F;;
990934;3;F;;
990938;3;T;;
990962;3;F;;
990965;3;F;;
990974;10;F;;
991127;10;F;;
990820;10;F;;
990825;2;F;;
990829;2;F;;
990865;3;F;;
990873;3;F;;
990970;3;F;;
990973;3;F;;
990975;10;F;;
991129;10;F;;
990986;2;F;;
990987;2;F;;
991085;2;F;;
991087;2;F;;
991094;3;F;;
991095;3;F;;
991102;3;F;;
991103;3;F;;
991110;3;F;;
991118;2;T;;
991119;2;F;;
990672;2;F;;
990673;2;F;;
990687;2;F;;
990685;2;F;;
990688;3;F;;
990689;3;F;;
990704;3;F;;
990709;3;F;;
990726;10;F;;
991130;10;F;;
990984;2;F;;
990985;2;F;;
990997;10;F;;
991003;2;F;;
991006;2;F;;
991020;2;F;;
991022;2;F;;
991030;3;F;;
991038;3;F;;
991042;3;F;;
991043;3;F;;
991056;3;F;;
991057;3;F;;
990815;3;F;;
990818;3;F;;
990864;3;F;;
990866;3;F;;
990878;2;F;;
990880;2;F;;
990884;2;F;;
990909;2;F;;
990913;2;F;;
990763;2;F;;
990765;10;T;;
990770;2;F;;
990787;2;F;;
990790;2;F;;
990930;3;F;;
990941;10;F;;
990949;10;F;;
990702;10;F;;
990706;10;F;;
990708;2;F;;
990711;2;F;;
990741;3;F;;
991159;8;F;;
990743;3;T;;
990754;10;F;;
990757;3;F;;
990761;3;F;;
990769;2;F;;
990771;2;F;;
990781;2;F;;
990783;2;F;;
990788;10;F;;
990805;10;F;;
990810;3;F;;
990574;8;F;;
990813;3;F;;
990833;3;F;;
990834;3;F;;
990844;10;F;;
990850;3;F;;
990854;3;F;;
990861;10;F;;
990868;2;F;;
990874;2;F;;
990988;2;F;;
990989;2;F;;
991011;2;F;;
991032;2;F;;
991036;2;F;;
991051;3;F;;
991053;3;F;;
991075;3;F;;
991083;3;F;;
991084;3;F;;
990894;2;F;;
990896;2;F;;
990908;2;F;;
990912;2;F;;
990935;3;F;;
990937;3;F;;
991272;5;F;;
991147;11;F;;
991212;5;F;;
991294;10;F;;
991298;9;F;;
991205;11;F;;
991271;6;F;;
991278;10;F;;
991300;9;F;;
991301;9;F;;
991299;9;F;;
991303;1;F;;
991302;4;F;;
991304;9;F;;
950799;8;F;;
980338;4;F;;
980340;5;F;;
980371;6;F;;
980372;7;F;;
980390;8;F;;
980392;9;F;;
980394;4;F;;
980397;5;F;;
980398;6;F;;
980401;7;T;;
980405;8;F;;
980449;9;F;;
980453;4;F;;
980400;6;F;;
980402;7;F;;
980403;8;F;;
980404;9;F;;
980406;4;F;;
980408;5;F;;
980409;6;F;;
980410;7;F;;
980411;8;F;;
980412;9;F;;
980413;4;F;;
980414;5;F;;
980415;6;F;;
980416;7;F;;
980417;8;F;;
980418;9;F;;
980420;5;F;;
980421;4;T;;
980424;6;F;;
980425;7;F;;
980426;8;F;;
980427;8;F;;
980428;4;F;;
980432;5;F;;
980436;7;F;;
980437;8;F;;
980439;9;F;;
980443;4;F;;
980447;5;F;;
980448;6;F;;
980450;7;F;;
980451;8;F;;
980452;9;F;;
980454;4;F;;
980455;8;F;;
980456;6;F;;
980458;7;F;;
980778;8;F;;
980802;9;F;;
980823;4;F;;
980835;5;T;;
980460;9;F;;
980462;4;F;;
980466;5;F;;
980467;6;F;;
980470;6;F;;
980472;7;F;;
980474;8;F;;
980475;9;F;;
980478;5;F;;
980480;7;F;;
980483;8;F;;
980484;9;F;;
980487;4;F;;
980492;5;F;;
980495;6;F;;
980498;7;F;;
980476;6;F;;
980844;8;T;;
980469;9;F;;
980441;4;F;;
980445;5;F;;
980500;6;F;;
980502;7;F;;
980503;8;F;;
980504;9;F;;
980505;4;F;;
980506;5;F;;
980509;6;F;;
980511;7;F;;
980512;8;F;;
980513;9;F;;
980514;4;F;;
980516;5;F;;
980519;6;F;;
980520;7;F;;
980521;8;F;;
980522;9;F;;
980523;4;F;;
980524;5;F;;
980525;6;F;;
980526;7;F;;
980527;8;F;;
980528;9;F;;
980529;4;F;;
980532;5;F;;
980534;6;F;;
980536;7;F;;
980538;8;F;;
980540;9;F;;
980473;4;F;;
980537;5;F;;
980542;6;F;;
980543;7;F;;
980544;8;F;;
980545;9;F;;
980546;8;F;;
980548;5;F;;
980549;6;F;;
980550;7;F;;
980552;9;F;;
980551;8;F;;
980553;4;F;;
980555;6;F;;
980554;8;F;;
980556;7;F;;
980557;8;F;;
980559;9;F;;
980560;4;F;;
980561;5;F;;
980562;6;F;;
980563;7;F;;
980564;8;F;;
980565;9;F;;
980566;4;F;;
980567;5;F;;
980568;6;F;;
980569;7;F;;
980570;8;F;;
980571;9;F;;
980572;4;F;;
980573;5;F;;
980574;6;F;;
980575;7;F;;
980576;8;F;;
980578;9;F;;
980580;4;F;;
980583;5;F;;
980587;6;F;;
980588;7;F;;
980590;8;F;;
980591;9;F;;
980592;4;F;;
980594;5;F;;
980784;6;F;;
980827;7;F;;
980481;8;F;;
980585;6;F;;
980589;7;F;;
980593;8;F;;
980595;9;F;;
980597;4;F;;
980598;5;F;;
980599;6;F;;
980600;7;F;;
980601;8;F;;
980602;9;F;;
980604;4;F;;
980605;5;F;;
980606;6;F;;
980607;7;F;;
980608;8;F;;
980609;9;T;;
980610;4;F;;
980612;5;F;;
980616;6;F;;
980619;8;F;;
991286;2;F;;
980620;9;F;;
980624;4;F;;
980625;6;F;;
980626;7;F;;
980629;5;F;;
980631;8;F;;
980634;9;F;;
980638;4;F;;
980640;5;F;;
980641;6;F;;
980647;7;F;;
980650;8;F;;
980652;9;F;;
980654;5;F;;
980764;4;F;;
980768;6;T;;
980774;7;F;;
980791;4;F;;
980848;8;T;;
980941;9;F;;
980489;5;F;;
980493;6;F;;
980659;7;F;;
980660;8;F;;
980664;9;F;;
980665;4;F;;
980667;5;F;;
980670;6;F;;
980672;7;F;;
980673;9;F;;
980675;8;F;;
980676;4;F;;
980680;5;F;;
980682;6;F;;
980691;7;F;;
980695;8;F;;
980699;9;F;;
980701;4;F;;
980703;5;F;;
980704;7;F;;
980705;8;F;;
980501;9;F;;
980710;4;F;;
980711;5;F;;
980713;9;F;;
980714;4;F;;
980715;5;F;;
980716;9;F;;
980718;4;F;;
980720;5;F;;
980722;9;F;;
980723;4;F;;
980724;5;F;;
980725;9;F;;
980726;4;F;;
980727;5;F;;
980818;9;F;;
980618;5;F;;
980761;6;F;;
980763;7;F;;
980767;8;F;;
980769;9;F;;
980772;4;F;;
980775;5;F;;
991232;8;F;;
980805;6;F;;
980822;7;F;;
980824;6;F;;
980825;8;F;;
980828;5;F;;
980833;7;F;;
980836;8;F;;
980838;9;F;;
980627;9;F;;
980651;4;F;;
980657;5;F;;
980806;6;F;;
980841;7;F;;
980843;8;F;;
980845;9;F;;
980846;4;F;;
980847;5;F;;
980849;6;F;;
980867;7;F;;
980868;8;F;;
980870;9;F;;
980872;4;F;;
980873;5;F;;
980874;6;F;;
980877;8;F;;
980878;7;F;;
980879;9;F;;
980881;4;F;;
980882;5;F;;
980884;6;F;;
980887;8;F;;
980888;9;F;;
980889;4;F;;
980939;9;F;;
980663;4;F;;
980668;5;T;;
980679;7;T;;
980890;8;F;;
980891;9;F;;
980894;4;F;;
980895;5;F;;
980899;6;F;;
980900;6;F;;
980901;7;F;;
980902;8;F;;
980903;9;F;;
980905;5;F;;
980906;6;F;;
980907;7;F;;
980908;8;F;;
980909;9;F;;
980910;4;F;;
980911;5;F;;
980913;6;F;;
980917;7;F;;
980920;8;F;;
980921;9;F;;
980922;4;F;;
980923;5;F;;
980925;6;F;;
980926;7;F;;
980776;8;F;;
980779;9;F;;
980780;4;F;;
980782;5;F;;
980789;9;F;;
980790;7;F;;
980794;8;F;;
980796;9;F;;
980927;8;F;;
980928;5;F;;
980929;9;F;;
980930;7;F;;
980933;8;F;;
980934;7;F;;
980935;9;F;;
980936;4;F;;
980937;8;F;;
980938;9;F;;
980733;7;F;;
980734;6;F;;
980741;7;F;;
980742;6;F;;
980743;7;F;;
980745;6;F;;
980747;7;F;;
991311;9;F;;
991312;9;F;;
991313;9;T;;
991314;9;F;;
991315;9;F;;
991316;9;F;;
991319;9;F;;
991317;9;F;;
991318;9;F;;
991320;9;T;;
991321;9;F;;
991322;9;F;;
991323;9;F;;
991324;9;F;;
991325;9;F;;
991326;9;T;;
991327;9;F;;
991328;9;F;;
991329;9;F;;
991330;9;T;;
991331;9;T;;
991332;9;F;;
991333;9;F;;
991334;9;F;;
991335;9;T;;
991336;9;T;;
991337;9;T;;
991338;9;F;;
991339;9;F;;
991340;9;T;;
991341;9;F;;
991342;9;T;;
991343;9;F;;
991344;9;F;;
991345;9;F;;
991347;10;T;;
991348;9;F;;
991349;9;T;;
991350;9;F;;
991351;9;T;;
991352;9;F;;
991353;9;T;;
991354;9;F;;
991355;9;T;;
991356;9;F;;
991357;9;F;;
991358;9;F;;
991371;11;F;;
991074;3;F;;
941190;9;F;;
991376;4;F;;
991374;10;F;;
951088;5;F;;
990016;5;F;;
970831;5;F;;
991378;7;F;;
950846;6;F;;
991375;3;F;;
991382;5;F;;
950835;6;F;;
970666;6;F;;
991012;2;F;;
980738;7;F;;
990994;3;F;;
990463;3;F;;
990197;9;F;;
970071;1;F;;
991195;2;F;;
991364;11;F;;
991393;11;F;;
991387;1;F;;
991389;9;F;;
991397;3;F;;
991410;1;F;;
991415;11;F;;
991418;1;F;;
991416;11;F;;
991420;5;F;;
991421;9;F;;
991422;1;F;;
991423;10;F;;
991419;9;F;;
991424;8;F;;
991425;11;F;;
991444;6;F;;
991446;5;F;;
991447;8;F;;
991448;8;F;;
991436;11;F;;
991456;1;F;;
991439;6;F;;
991463;8;F;;
991469;6;F;;
991468;8;F;;
991442;8;F;;
970062;3;F;;
991470;11;F;;
991475;5;F;;
971260;1;F;;
991471;8;F;;
980686;6;F;;
970710;4;F;;
970548;11;F;;
991466;1;F;;
981290;1;F;;
970567;1;F;;
991396;1;F;;
991441;8;F;;
971250;1;F;;
522;12;F;;
523;12;F;;
960380;11;F;;
1139;12;F;;
1152;12;F;;
1153;12;F;;
1179;12;F;;
659;3;F;;
692;10;F;;
694;2;F;;
696;4;F;;
701;2;F;;
702;4;F;;
703;4;F;;
704;3;F;;
1159;2;F;;
706;3;F;;
708;2;F;;
710;4;F;;
714;10;F;;
715;10;F;;
716;3;F;;
719;2;F;;
720;10;F;;
722;4;F;;
721;4;F;;
729;3;F;;
731;2;F;;
736;4;F;;
739;3;F;;
743;2;F;;
744;10;F;;
746;4;F;;
751;3;F;;
752;10;F;;
756;2;F;;
759;4;F;;
760;4;F;;
765;2;F;;
1161;10;F;;
1162;2;F;;
766;3;F;;
769;2;F;;
773;3;F;;
776;10;F;;
778;10;F;;
779;4;F;;
783;2;F;;
785;10;F;;
788;3;F;;
790;2;F;;
792;4;F;;
794;2;F;;
795;3;F;;
797;4;F;;
799;2;F;;
801;3;F;;
803;10;F;;
805;4;F;;
806;3;F;;
809;2;F;;
811;4;F;;
813;3;F;;
822;2;F;;
823;4;T;;
824;4;F;;
825;3;F;;
1164;2;F;;
831;3;F;;
833;2;F;;
835;4;F;;
838;3;F;;
840;2;F;;
841;4;F;;
847;4;T;;
848;4;F;;
849;10;F;;
850;3;F;;
852;2;F;;
856;3;F;;
858;2;F;;
860;4;F;;
1166;10;F;;
1168;10;F;;
863;4;F;;
865;3;F;;
868;2;F;;
870;4;F;;
872;3;F;;
878;3;F;;
879;2;F;;
883;4;F;;
885;3;F;;
887;4;F;;
889;2;F;;
980105;9;F;;
893;3;F;;
894;4;F;;
895;4;F;;
897;2;F;;
899;3;F;;
1170;2;F;;
1171;2;F;;
903;4;F;;
908;2;F;;
909;4;F;;
911;3;F;;
914;4;F;;
916;2;F;;
917;3;F;;
920;4;F;;
925;3;F;;
927;4;F;;
928;2;F;;
931;3;F;;
932;10;F;;
934;2;F;;
936;3;F;;
938;10;F;;
941;10;F;;
943;2;F;;
944;3;F;;
946;4;F;;
964;4;F;;
970;4;F;;
975;3;F;;
976;2;F;;
978;4;F;;
979;10;F;;
982;3;F;;
986;4;F;;
988;3;F;;
993;4;F;;
994;4;F;;
1105;4;F;;
1107;2;F;;
1109;3;F;;
1112;4;F;;
1114;10;F;;
1115;2;F;;
1117;3;F;;
1005;2;F;;
1007;4;F;;
1009;2;F;;
1011;10;F;;
1012;3;F;;
1016;2;F;;
1018;3;F;;
1019;4;F;;
1024;3;F;;
1025;4;F;;
1026;10;F;;
1028;2;F;;
1030;10;F;;
1032;10;F;;
1034;10;F;;
1035;2;F;;
1037;3;F;;
1039;4;F;;
1041;10;F;;
1049;3;F;;
1053;3;F;;
1061;2;F;;
1063;4;F;;
1064;3;F;;
980134;6;F;;
1071;3;F;;
1073;2;F;;
1075;4;F;;
1078;3;F;;
1080;2;F;;
1082;4;F;;
1084;3;F;;
1083;3;F;;
1091;2;F;;
1093;4;F;;
953;10;F;;
961;3;F;;
962;2;F;;
963;2;F;;
625;4;F;;
628;3;F;;
653;3;F;;
655;2;F;;
657;10;F;;
658;4;F;;
664;3;F;;
666;3;F;;
682;4;F;;
683;3;F;;
684;10;F;;
685;10;F;;
687;3;F;;
689;2;F;;
688;10;F;;
607;4;F;;
609;4;F;;
610;3;F;;
611;3;F;;
612;2;F;;
614;4;F;;
616;3;F;;
617;3;F;;
619;2;F;;
620;2;F;;
624;3;F;;
623;3;F;;
691;4;F;;
732;4;F;;
734;4;F;;
737;10;F;;
742;4;F;;
747;10;F;;
749;10;F;;
753;10;F;;
755;10;F;;
758;10;F;;
578;4;F;;
579;4;F;;
581;4;F;;
582;4;F;;
583;4;F;;
584;10;F;;
585;4;F;;
586;4;F;;
587;4;F;;
589;4;F;;
590;4;F;;
591;4;F;;
592;4;F;;
596;4;F;;
597;4;F;;
605;4;T;;
600;4;F;;
602;4;F;;
603;4;F;;
604;4;T;;
606;4;F;;
562;4;F;;
563;10;F;;
564;10;F;;
568;10;F;;
570;10;F;;
571;10;F;;
572;4;F;;
575;4;F;;
576;4;F;;
574;4;F;;
577;10;F;;
630;4;F;;
632;4;F;;
633;10;F;;
634;4;F;;
635;4;F;;
638;4;F;;
642;10;F;;
641;4;F;;
643;4;F;;
644;4;F;;
646;4;F;;
647;4;F;;
649;4;F;;
651;4;F;;
652;4;F;;
819;4;T;;
104;1;F;;
107;1;F;;
111;1;F;;
205;1;F;;
282;1;F;;
359;1;F;;
443;11;F;;
473;1;F;;
496;1;F;;
486;1;F;;
19;11;F;;
26;1;F;;
28;1;F;;
44;1;F;;
71;1;F;;
73;1;F;;
75;1;F;;
80;1;F;;
81;1;F;;
82;1;F;;
101;1;F;;
113;1;F;;
109;1;F;;
117;1;F;;
116;1;F;;
153;4;F;;
155;4;F;;
194;11;F;;
241;4;F;;
291;11;F;;
294;4;F;;
323;4;F;;
330;4;F;;
343;4;F;;
393;4;F;;
521;4;F;;
284;4;F;;
471;4;F;;
457;4;F;;
66;1;F;;
114;1;F;;
154;1;F;;
178;1;F;;
185;1;F;;
201;1;F;;
202;1;F;;
272;1;F;;
280;1;F;;
286;11;F;;
293;8;F;;
304;8;F;;
307;8;F;;
317;8;F;;
321;8;F;;
336;8;F;;
339;8;F;;
341;1;F;;
369;1;F;;
370;1;F;;
371;11;F;;
372;1;F;;
378;1;F;;
425;1;F;;
429;1;F;;
431;1;F;;
432;1;F;;
437;11;F;;
458;1;F;;
495;1;F;;
164;1;F;;
368;1;F;;
447;1;F;;
332;1;F;;
438;1;F;;
436;1;F;;
17;1;F;;
15;1;F;;
18;1;F;;
21;1;F;;
22;1;F;;
24;1;F;;
25;1;F;;
27;1;F;;
33;1;F;;
34;1;F;;
35;1;F;;
36;1;F;;
45;1;F;;
46;1;F;;
49;1;F;;
52;1;F;;
53;1;F;;
56;1;F;;
59;1;F;;
60;1;F;;
63;1;F;;
64;1;F;;
68;1;F;;
69;1;F;;
72;1;F;;
77;6;F;;
83;6;F;;
85;11;F;;
86;6;F;;
88;6;F;;
90;6;F;;
92;6;F;;
93;6;F;;
94;7;F;;
96;11;F;;
100;7;F;;
106;7;F;;
108;7;F;;
115;7;F;;
118;7;F;;
122;7;F;;
124;1;F;;
132;1;F;;
135;1;F;;
533;1;F;;
680;7;F;;
148;1;F;;
289;1;F;;
1260;11;F;;
534;11;F;;
476;11;F;;
130;6;F;;
686;6;F;;
712;11;F;;
1096;6;F;;
1097;6;F;;
1098;6;F;;
1099;6;F;;
16;8;F;;
20;1;F;;
23;1;F;;
29;1;F;;
41;1;F;;
42;1;F;;
48;1;F;;
51;1;F;;
54;1;F;;
55;1;F;;
57;1;F;;
58;1;F;;
70;1;F;;
78;1;F;;
89;1;F;;
91;1;F;;
95;1;F;;
97;1;F;;
103;1;F;;
121;1;F;;
126;6;F;;
129;6;F;;
131;6;F;;
134;1;F;;
138;1;F;;
161;1;F;;
179;1;F;;
199;9;F;;
207;9;F;;
209;9;F;;
258;9;F;;
303;9;F;;
306;6;F;;
308;6;F;;
314;6;F;;
333;6;F;;
340;6;F;;
342;6;F;;
360;6;F;;
373;1;F;;
376;1;F;;
379;1;F;;
395;1;F;;
388;1;F;;
413;1;F;;
414;1;F;;
448;1;F;;
479;1;F;;
428;1;F;;
420;1;F;;
141;1;F;;
494;1;F;;
552;1;F;;
1225;9;F;;
1127;1;F;;
14;1;F;;
39;1;F;;
40;1;F;;
43;1;F;;
62;1;F;;
112;1;F;;
127;1;F;;
128;1;F;;
139;1;F;;
166;1;F;;
170;1;F;;
180;1;F;;
227;1;F;;
271;1;F;;
285;1;F;;
302;9;F;;
305;9;F;;
355;9;F;;
356;9;F;;
424;9;F;;
444;9;F;;
445;1;F;;
446;1;F;;
498;1;F;;
532;1;F;;
295;1;F;;
318;1;F;;
434;1;F;;
1222;1;F;;
1228;1;F;;
110;9;F;;
123;9;F;;
137;9;F;;
331;11;F;;
335;7;F;;
353;9;F;;
385;9;F;;
390;1;F;;
398;1;F;;
401;1;F;;
405;1;F;;
440;1;F;;
469;1;F;;
487;1;F;;
527;1;F;;
422;11;F;;
454;1;F;;
210;7;F;;
344;7;F;;
351;7;F;;
396;7;F;;
406;7;F;;
407;7;F;;
485;7;F;;
325;9;F;;
463;9;F;;
76;7;F;;
156;7;F;;
261;7;F;;
326;7;F;;
327;7;F;;
365;7;F;;
380;9;F;;
415;9;F;;
470;9;F;;
206;9;F;;
441;9;F;;
468;9;F;;
31;9;F;;
32;9;F;;
142;9;F;;
503;6;F;;
1267;6;F;;
399;7;F;;
456;7;F;;
489;7;F;;
47;4;F;;
50;4;F;;
65;4;F;;
74;4;F;;
133;4;F;;
404;4;F;;
408;4;F;;
412;4;F;;
526;4;F;;
409;4;F;;
480;11;F;;
38;6;F;;
61;6;F;;
99;6;F;;
102;11;F;;
120;11;F;;
125;6;F;;
292;6;F;;
329;9;F;;
410;9;F;;
182;11;F;;
316;11;F;;
322;7;F;;
346;7;F;;
347;7;F;;
358;7;F;;
402;7;F;;
426;7;F;;
430;8;F;;
357;9;F;;
464;9;F;;
492;9;F;;
481;9;F;;
531;9;F;;
461;9;F;;
79;5;F;;
334;5;F;;
403;5;F;;
418;5;F;;
450;5;F;;
435;5;F;;
296;11;F;;
477;5;F;;
991266;1;F;;
735;10;F;;
1103;11;F;;
1129;12;F;;
1130;12;F;;
558;12;F;;
1132;12;F;;
252;9;F;;
253;9;F;;
251;9;F;;
228;6;F;;
516;7;F;;
235;8;F;;
1123;11;F;;
648;11;F;;
250;9;F;;
233;8;F;;
511;7;F;;
238;8;F;;
240;8;F;;
211;5;F;;
212;11;F;;
213;5;F;;
214;5;F;;
216;5;F;;
217;5;F;;
218;11;F;;
219;5;F;;
220;6;F;;
221;6;F;;
222;6;F;;
223;6;F;;
225;6;F;;
226;6;F;;
229;6;F;;
230;6;F;;
231;6;F;;
232;8;F;;
234;8;F;;
236;8;F;;
242;8;F;;
243;8;F;;
244;8;F;;
245;9;F;;
246;9;F;;
247;9;F;;
248;9;F;;
249;9;F;;
254;9;F;;
508;9;F;;
509;9;F;;
510;9;F;;
512;7;F;;
513;7;F;;
514;7;F;;
515;7;F;;
517;7;F;;
539;6;F;;
541;6;F;;
553;6;F;;
540;6;F;;
1243;1;F;;
1361;1;F;;
1360;3;F;;
1220;12;F;;
892;1;F;;
990671;9;F;;
990675;8;F;;
990677;7;F;;
990686;6;F;;
990690;5;F;;
990705;4;F;;
990714;9;F;;
990717;8;F;;
1382;9;F;;
990759;4;F;;
990766;5;F;;
990776;6;F;;
990784;7;F;;
990795;7;F;;
991124;6;F;;
990680;5;F;;
990684;4;F;;
990700;9;F;;
990707;8;F;;
990718;7;F;;
990720;6;F;;
990724;5;F;;
990728;4;F;;
990768;9;F;;
990793;7;F;;
990780;8;F;;
990799;6;F;;
990819;4;F;;
990811;5;F;;
990832;9;F;;
990836;8;F;;
990837;7;F;;
990841;6;F;;
990848;5;F;;
990853;4;F;;
990883;8;F;;
990886;9;F;;
990905;4;T;;
990910;5;F;;
990916;6;F;;
990918;7;F;;
990927;8;F;;
990931;9;F;;
990953;4;F;;
990956;5;F;;
990957;6;F;;
990959;7;F;;
990960;8;F;;
990961;8;F;;
990966;4;F;;
990968;5;F;;
990971;6;F;;
990972;7;F;;
991126;7;F;;
991273;8;T;;
991274;9;F;;
991287;9;F;;
991288;8;F;;
990803;6;F;;
990809;5;F;;
990816;4;F;;
990843;9;F;;
990846;8;F;;
990852;7;F;;
990859;6;F;;
990882;4;F;;
990887;5;F;;
990963;6;F;;
990964;7;F;;
990967;8;F;;
990969;9;F;;
990976;4;F;;
990979;7;F;;
990977;5;F;;
990980;8;F;;
990981;9;F;;
991291;4;T;;
991062;9;F;;
991063;8;F;;
991064;7;F;;
991065;6;F;;
991066;5;F;;
991068;4;F;;
991088;9;F;;
991089;8;F;;
991090;7;F;;
991091;6;F;;
991092;5;F;;
991093;4;F;;
991096;4;F;;
991097;5;F;;
991098;6;F;;
991100;8;F;;
991099;7;F;;
991101;9;F;;
991104;4;T;;
991105;5;F;;
991106;6;F;;
991107;7;F;;
991108;8;F;;
991109;9;F;;
991111;5;F;;
991112;4;F;;
991113;5;F;;
991114;6;F;;
991115;7;F;;
991116;8;F;;
991117;9;F;;
991120;9;F;;
1412;6;F;;
1417;6;F;;
1414;10;F;;
1416;6;F;;
1421;6;F;;
1418;10;F;;
1413;10;F;;
1423;6;F;;
990807;8;F;;
990812;9;F;;
990821;4;F;;
990822;5;F;;
990851;6;F;;
990855;7;F;;
990858;8;F;;
990860;9;F;;
990869;4;F;;
990872;5;F;;
990875;6;F;;
990885;9;F;;
990889;8;F;;
990895;7;F;;
990898;6;F;;
990904;5;F;;
990907;4;F;;
990914;9;F;;
990917;8;F;;
990919;7;F;;
991284;7;F;;
991293;9;F;;
990755;5;F;;
990758;4;F;;
990773;8;F;;
990775;7;F;;
990778;6;F;;
594;11;F;;
595;11;F;;
990782;5;F;;
990785;4;F;;
990796;9;F;;
990800;8;F;;
990802;7;F;;
991277;8;F;;
990921;9;F;;
990946;4;F;;
990948;5;F;;
990950;6;F;;
990952;7;F;;
990955;8;F;;
990695;6;F;;
990697;5;F;;
990699;4;F;;
990715;8;F;;
990713;9;F;;
990721;7;F;;
990722;6;F;;
990725;5;F;;
990731;9;F;;
990745;4;F;;
990746;5;F;;
990749;6;F;;
990751;7;F;;
990753;8;F;;
990756;9;F;;
990762;4;F;;
990767;4;F;;
990772;9;F;;
990774;8;F;;
991276;5;F;;
991289;7;F;;
991292;6;F;;
990777;5;F;;
990779;4;F;;
990786;9;F;;
990789;8;F;;
990792;7;F;;
990794;6;F;;
990797;5;F;;
990801;6;F;;
990804;7;F;;
990806;8;F;;
1424;6;F;;
990817;5;F;;
990814;4;F;;
990826;6;F;;
990827;7;F;;
990830;8;F;;
990831;9;F;;
990835;4;F;;
990840;5;F;;
990842;6;T;;
990845;7;F;;
990847;8;F;;
990849;9;F;;
990856;4;F;;
990857;5;F;;
990867;4;F;;
990871;8;F;;
990876;9;F;;
990877;7;F;;
990879;6;F;;
990881;5;F;;
991283;7;T;;
991285;4;F;;
990990;9;F;;
990998;8;F;;
991001;7;F;;
991004;6;F;;
991007;5;F;;
991010;4;F;;
991014;9;F;;
991018;8;F;;
991021;7;F;;
991023;6;F;;
991025;5;F;;
991028;4;F;;
991039;9;F;;
991045;8;F;;
991058;5;F;;
991046;8;F;;
991048;9;F;;
991055;4;F;;
991061;6;F;;
991069;7;F;;
991070;8;F;;
991072;9;F;;
383;6;F;;
991076;8;F;;
991077;5;F;;
991078;6;F;;
991079;7;F;;
991080;7;F;;
1422;6;F;;
991081;8;F;;
991082;9;F;;
991086;4;F;;
991282;6;F;;
990890;5;F;;
990891;4;F;;
990897;9;F;;
990902;6;F;;
990899;8;F;;
990900;7;F;;
990903;5;F;;
990906;4;F;;
990922;5;F;;
990924;6;F;;
990926;7;F;;
990929;8;F;;
990932;9;F;;
990940;4;F;;
990942;5;F;;
990945;7;F;;
990947;8;F;;
375;6;F;;
660;5;F;;
1427;6;F;;
288;1;F;;
1121;1;F;;
1230;6;F;;
1271;8;F;;
1246;6;F;;
1212;2;F;;
537;3;F;;
1155;3;F;;
1156;3;F;;
1269;2;F;;
506;2;F;;
536;2;F;;
1119;2;F;;
1251;11;F;;
1266;3;F;;
1221;4;F;;
918;2;F;;
1142;5;F;;
1124;5;F;;
1137;2;F;;
1176;5;F;;
1214;2;F;;
626;1;F;;
629;2;F;;
1138;2;F;;
1141;5;F;;
1131;3;F;;
1275;3;F;;
550;7;F;;
1213;1;F;;
1177;11;F;;
1250;1;F;;
557;3;F;;
1426;6;F;;
1167;4;F;;
1101;1;F;;
1270;2;F;;
580;11;F;;
1120;3;F;;
1136;3;F;;
519;10;F;;
1140;2;F;;
1149;3;F;;
1259;3;F;;
1232;3;F;;
1218;3;F;;
1252;3;F;;
1256;3;F;;
1279;3;F;;
1280;11;F;;
1281;2;F;;
1301;11;F;;
1305;9;F;;
1135;11;F;;
1313;11;F;;
1202;10;F;;
1204;3;F;;
1206;3;F;;
1181;2;F;;
1183;2;F;;
1185;3;F;;
1186;3;F;;
1188;3;F;;
1191;2;F;;
1192;2;F;;
1195;2;F;;
1199;3;F;;
1284;3;F;;
1125;4;F;;
1151;6;F;;
1309;2;F;;
1263;2;F;;
1429;6;F;;
1324;11;F;;
1293;6;F;;
544;2;F;;
545;2;F;;
569;2;F;;
774;6;F;;
1229;2;F;;
1238;5;F;;
1242;5;F;;
1292;2;F;;
1297;11;F;;
1258;11;F;;
1425;10;F;;
1431;10;F;;
1211;8;F;;
1239;5;F;;
1273;11;F;;
631;11;F;;
1100;8;F;;
1157;11;F;;
1169;8;F;;
1433;6;F;;
960833;6;F;;
186;11;F;;
1435;12;F;;
189;3;F;;
177;3;F;;
195;3;F;;
319;7;F;;
337;6;F;;
348;1;F;;
172;6;F;;
273;2;F;;
190;2;F;;
465;4;F;;
187;2;F;;
163;6;F;;
377;8;F;;
1226;2;F;;
169;1;F;;
717;6;F;;
1231;6;F;;
449;9;F;;
1289;7;F;;
162;6;F;;
543;5;F;;
482;7;F;;
411;9;F;;
311;8;F;;
198;8;F;;
491;4;F;;
488;4;F;;
105;5;F;;
1095;5;F;;
391;1;F;;
176;4;F;;
171;4;F;;
136;1;F;;
150;7;F;;
298;1;F;;
297;8;F;;
472;9;F;;
499;4;F;;
433;8;F;;
367;8;F;;
1326;4;F;;
1327;4;F;;
1328;3;F;;
1329;3;F;;
1330;2;F;;
1331;2;F;;
1332;4;F;;
1333;4;F;;
1334;3;F;;
1335;3;F;;
1336;10;F;;
1337;2;F;;
1338;2;F;;
1339;4;T;;
1340;4;F;;
1341;10;F;;
1342;3;F;;
1343;3;F;;
1344;2;F;;
1345;2;F;;
1346;4;F;;
1347;10;F;;
1348;4;T;;
1349;10;F;;
1350;3;F;;
1351;3;F;;
1352;2;F;;
1353;10;F;;
1354;2;F;;
1355;4;F;;
1362;4;F;;
1363;3;F;;
1364;3;F;;
1365;2;F;;
1366;2;F;;
1367;4;F;;
1368;4;F;;
1369;3;F;;
1370;3;F;;
1371;2;F;;
1372;2;F;;
1373;4;F;;
1374;4;F;;
1375;3;F;;
1376;3;F;;
1377;2;F;;
1378;2;F;;
1379;4;T;;
1380;4;T;;
1381;3;F;;
1383;3;F;;
1384;2;F;;
1385;2;F;;
1386;4;F;;
1387;4;F;;
1388;10;F;;
1389;3;F;;
1390;3;F;;
1391;4;F;;
1392;4;F;;
1393;3;F;;
1395;10;F;;
1396;3;F;;
1397;3;F;;
1398;4;F;;
1399;4;F;;
1401;4;F;;
1402;4;T;;
1403;4;F;;
1404;4;T;;
1405;4;F;;
1406;4;F;;
1407;4;F;;
678;12;F;;
960627;5;F;;
980829;5;F;;
940782;5;F;;
990601;5;F;;
990605;5;F;;
990609;5;F;;
991367;5;F;;
990669;5;F;;
990682;5;F;;
990692;5;F;;
990723;5;F;;
990742;5;F;;
990999;5;F;;
991017;5;F;;
991034;5;F;;
991047;5;F;;
991060;5;F;;
991279;5;F;;
1217;5;F;;
309;3;F;;
389;4;F;;
181;4;F;;
455;1;F;;
239;6;F;;
1235;6;F;;
315;6;F;;
384;1;F;;
1420;8;F;;
1310;2;F;;
191;4;F;;
381;9;F;;
159;4;F;;
474;4;F;;
140;4;F;;
147;4;F;;
200;6;F;;
204;4;F;;
145;4;F;;
363;4;F;;
208;11;F;;
278;11;F;;
237;11;F;;
1262;11;F;;
1143;11;F;;
1282;11;F;;
1296;11;F;;
215;11;F;;
1126;11;F;;
980344;11;F;;
287;11;F;;
459;9;F;;
328;8;F;;
1304;9;F;;
1356;11;F;;
1409;4;F;;
1148;11;F;;
990617;4;F;;
990703;9;F;;
990733;9;F;;
990734;9;F;;
990992;9;F;;
991008;9;F;;
991024;9;F;;
991040;9;F;;
991054;9;F;;
466;9;F;;
152;9;F;;
1283;9;F;;
1312;9;F;;
1359;5;F;;
1219;1;F;;
67;1;F;;
419;1;F;;
1285;1;F;;
1308;1;F;;
1210;1;F;;
1287;1;F;;
193;1;F;;
663;1;F;;
1236;1;F;;
991473;1;F;;
37;1;F;;
1306;1;F;;
1319;2;F;;
1320;2;F;;
1321;2;F;;
1325;2;F;;
501;2;F;;
1145;2;F;;
546;2;F;;
984;2;F;;
990666;8;F;;
990676;8;F;;
990701;8;F;;
990732;8;F;;
990736;8;F;;
990993;8;F;;
991009;8;F;;
991026;8;F;;
991052;8;F;;
300;8;F;;
990674;8;F;;
224;11;F;;
475;7;F;;
1277;4;F;;
980579;4;F;;
1419;4;F;;
990691;4;F;;
990712;4;F;;
991031;4;F;;
991044;4;T;;
991059;4;T;;
990670;4;F;;
990683;4;F;;
990983;4;F;;
991000;4;F;;
991019;4;F;;
991122;4;F;;
933;4;F;;
991290;9;F;;
970613;10;F;;
184;3;F;;
561;1;F;;
991490;1;F;;
1233;9;F;;
1209;4;T;;
980886;4;F;;
980617;4;F;;
960951;4;F;;
980737;5;F;;
990594;4;F;;
920470;12;F;;
930590;7;F;;
1447;12;F;;
1448;12;F;;
1452;12;F;;
1458;12;F;;
1462;12;F;;
1465;12;F;;
1477;12;F;;
1478;12;F;;
1479;12;F;;
1483;12;F;;
1485;12;F;;
1487;12;F;;
1489;12;F;;
1490;12;F;;
1494;12;F;;
1495;12;F;;
1498;12;F;;
1511;12;F;;
1510;12;F;;
1513;12;F;;
1529;11;F;;
1444;12;F;;
593;11;F;;
1531;1;F;;
1303;1;F;;
991258;1;F;;
1459;2;F;;
1467;2;F;;
951205;9;T;;
1518;1;F;;
1512;1;F;;
1516;1;F;;
1515;1;F;;
1508;1;F;;
1503;1;F;;
1497;1;F;;
1446;1;F;;
981137;1;F;;
1509;11;F;;
478;3;F;;
1480;1;F;;
1460;1;F;;
1476;1;F;;
990862;4;F;;
1474;2;F;;
991391;1;F;;
981233;1;F;;
573;5;F;;
740;5;F;;
980739;5;F;;
1278;5;F;;
1247;5;F;;
1216;5;F;;
991177;5;F;;
567;5;F;;
10035;12;F;;
10056;12;F;;
10076;12;F;;
10105;12;F;;
10025;12;F;;
10133;12;F;;
10107;12;F;;
10145;13;F;;
10109;12;F;;
10129;12;F;;
10128;12;F;;
10126;12;F;;
10048;12;F;;
10050;12;F;;
10062;12;F;;
10065;12;F;;
10066;12;F;;
10070;12;F;;
10071;12;F;;
10079;12;F;;
10082;12;F;;
10085;12;F;;
10087;12;F;;
10092;12;F;;
10094;12;F;;
10097;12;F;;
10084;12;F;;
10147;13;F;;
960647;3;F;;
10224;12;F;;
10228;12;F;;
10315;12;F;;
10328;12;F;;
1540;4;F;;
10364;12;F;;
10275;12;F;;
10276;12;F;;
10435;12;F;;
10436;12;F;;
10252;12;F;;
10232;12;F;;
10454;12;F;;
10458;12;F;;
10453;12;F;;
10469;12;F;;
10483;12;F;;
10138;12;F;;
10139;12;F;;
10141;12;F;;
10137;12;F;;
10144;12;F;;
10494;12;F;;
10497;12;F;;
10498;12;F;;
10496;12;F;;
10511;12;F;;
10528;12;F;;
757;10;F;;
158;3;F;;
10163;12;F;;
10165;12;F;;
10171;12;F;;
10181;12;F;;
10189;12;F;;
11120;12;F;;
11153;12;F;;
10360;12;F;;
10490;12;F;;
10479;12;F;;
10352;12;F;;
10386;12;F;;
10486;12;F;;
10406;12;F;;
11160;12;F;;
981248;1;F;;
11170;12;F;;
11177;11;F;;
11273;12;F;;
10710;1;F;;
11321;13;F;;
10399;11;F;;
11295;4;F;;
11368;12;F;;
11198;11;F;;
11380;12;F;;
10540;11;F;;
11387;12;F;;
10421;11;F;;
11350;12;F;;
11391;12;F;;
10575;2;F;;
10576;2;F;;
10577;2;F;;
10578;2;F;;
10579;3;F;;
10580;3;F;;
10581;10;F;;
10582;3;F;;
10583;3;F;;
10584;4;F;;
10585;4;F;;
10586;4;F;;
10587;4;F;;
10588;5;F;;
10589;5;F;;
10590;5;F;;
10591;5;F;;
10592;6;F;;
11142;6;F;;
11143;6;F;;
11240;6;F;;
11246;7;F;;
11250;7;F;;
10593;2;F;;
10594;10;F;;
10595;2;F;;
10596;10;F;;
10597;2;F;;
10598;2;F;;
10599;3;F;;
10600;3;F;;
10601;3;F;;
10602;3;F;;
10603;4;F;;
10605;4;F;;
10604;4;F;;
10606;4;F;;
10607;5;F;;
10608;5;F;;
10610;5;F;;
10609;5;F;;
10611;6;F;;
10612;6;F;;
10613;6;F;;
10614;6;F;;
10615;7;F;;
10616;7;F;;
10617;7;F;;
10618;7;F;;
10620;8;F;;
10621;8;F;;
10622;8;F;;
10623;9;F;;
10624;9;F;;
10625;9;F;;
10626;9;F;;
10627;10;F;;
10628;2;F;;
10629;2;F;;
10630;2;F;;
10631;2;F;;
10632;3;F;;
10633;3;F;;
10634;3;F;;
10635;3;F;;
10636;4;F;;
10637;4;F;;
10638;4;F;;
11144;10;F;;
11145;4;F;;
11220;10;F;;
11223;10;F;;
11229;10;F;;
11232;10;F;;
11235;5;F;;
11236;5;F;;
11239;5;F;;
11214;6;F;;
11215;6;F;;
11216;6;F;;
10639;3;F;;
10640;3;F;;
10641;4;F;;
10642;4;F;;
10643;4;F;;
10644;4;F;;
10645;5;F;;
10646;5;F;;
10647;5;F;;
10648;5;F;;
10649;6;F;;
10650;6;F;;
10651;6;F;;
10652;6;F;;
10653;7;F;;
10654;7;F;;
10655;7;F;;
10656;7;F;;
10657;8;F;;
10658;8;F;;
10659;8;F;;
10660;8;F;;
10661;9;F;;
10662;9;F;;
10663;9;F;;
10664;9;F;;
10665;10;F;;
10666;2;F;;
10667;2;F;;
10668;2;F;;
11146;10;F;;
11241;2;F;;
11243;3;F;;
11253;3;F;;
10669;6;F;;
10670;6;F;;
10671;6;F;;
10672;6;F;;
10673;7;F;;
10674;7;F;;
10675;7;F;;
10676;7;F;;
10677;8;F;;
10678;8;F;;
10679;10;F;;
10680;8;F;;
10681;8;F;;
10682;9;F;;
10683;9;F;;
10684;9;F;;
10685;9;F;;
10686;2;F;;
10687;2;F;;
10688;10;F;;
10689;2;F;;
10690;2;F;;
10691;3;F;;
10692;3;F;;
10693;3;F;;
10694;3;F;;
10695;4;F;;
10696;4;F;;
10697;4;F;;
10698;4;F;;
10699;5;F;;
11147;5;F;;
11148;5;F;;
10700;9;F;;
10701;9;F;;
10702;2;F;;
10703;2;F;;
10704;10;F;;
10705;2;F;;
10706;2;F;;
10707;3;F;;
10708;3;F;;
10709;3;F;;
10841;4;F;;
10842;4;F;;
10843;4;F;;
10844;4;F;;
10845;5;F;;
10846;5;F;;
10847;5;F;;
10848;5;F;;
10849;6;F;;
10850;10;F;;
10851;6;F;;
10852;6;F;;
10853;10;F;;
10854;6;F;;
10855;7;F;;
10856;7;F;;
10857;7;F;;
10858;10;F;;
10859;7;F;;
10860;8;F;;
10861;8;F;;
10862;8;F;;
10863;8;F;;
10864;9;F;;
10865;9;F;;
10866;9;F;;
10867;9;F;;
11149;2;F;;
11150;2;F;;
11202;10;F;;
11204;2;F;;
11205;10;F;;
10885;5;F;;
10886;5;F;;
10887;5;F;;
10888;6;F;;
10889;6;F;;
10890;6;F;;
10891;6;F;;
10892;7;F;;
10893;7;F;;
10894;7;F;;
10895;7;F;;
10896;8;F;;
10897;8;F;;
10900;8;F;;
10901;8;F;;
10902;9;F;;
10903;9;F;;
10904;9;F;;
10905;9;F;;
10906;2;F;;
10907;2;F;;
10908;2;F;;
10909;2;F;;
10910;3;F;;
10911;3;F;;
10912;3;F;;
10913;3;F;;
10914;4;F;;
10915;4;F;;
10916;4;F;;
10917;4;F;;
10918;5;F;;
10919;5;F;;
10920;5;F;;
10921;5;F;;
10922;6;F;;
10923;6;F;;
10924;6;F;;
10925;6;F;;
10926;7;F;;
11417;12;F;;
10927;7;F;;
10928;7;F;;
10929;7;F;;
10930;8;F;;
11151;8;F;;
11152;8;F;;
11228;8;F;;
11230;9;F;;
11231;9;F;;
11233;9;F;;
11207;9;F;;
11210;2;F;;
11212;2;F;;
11213;2;F;;
11225;2;F;;
10931;10;F;;
10932;6;F;;
10936;6;F;;
10937;7;F;;
10938;7;F;;
10939;7;F;;
10940;7;F;;
10941;8;F;;
10942;8;F;;
10943;8;F;;
10944;8;F;;
10945;9;F;;
10946;9;F;;
10947;9;F;;
10948;9;F;;
10949;2;F;;
10950;2;F;;
10951;2;F;;
10952;2;F;;
10953;3;F;;
10954;3;F;;
10955;3;F;;
10956;10;F;;
10957;3;F;;
10958;4;F;;
10959;4;F;;
10960;4;F;;
10961;4;F;;
10962;5;F;;
10963;5;F;;
11254;5;F;;
11256;5;F;;
10868;6;F;;
10869;6;F;;
10870;10;F;;
10871;6;F;;
10872;6;F;;
10873;6;F;;
10875;6;F;;
10876;8;F;;
10878;8;F;;
10877;8;F;;
10880;10;F;;
10879;8;F;;
10881;9;F;;
10882;9;F;;
10883;9;F;;
10884;9;F;;
11245;9;F;;
11252;9;F;;
11248;9;F;;
10964;10;F;;
10965;10;F;;
10966;4;F;;
10967;4;F;;
10968;4;F;;
10969;4;F;;
10970;10;F;;
10971;10;F;;
10972;10;F;;
10973;4;F;;
10974;5;F;;
10975;5;F;;
10976;10;F;;
10977;5;F;;
10978;5;F;;
10979;10;F;;
10981;7;F;;
10982;7;F;;
10983;8;F;;
10984;8;F;;
10985;8;F;;
10986;8;F;;
10987;9;F;;
10989;9;F;;
10990;9;F;;
11074;9;F;;
11255;3;F;;
10991;7;F;;
10992;7;F;;
10993;7;F;;
10994;7;F;;
10995;8;F;;
10996;8;F;;
10997;8;F;;
10998;8;F;;
10999;9;F;;
11000;9;F;;
11001;10;F;;
11002;9;F;;
11004;9;F;;
11005;2;F;;
11006;2;F;;
11244;2;F;;
11007;2;F;;
11251;3;F;;
11008;3;F;;
11009;3;F;;
11010;4;F;;
11011;4;F;;
11012;4;F;;
11013;4;F;;
11014;5;F;;
11015;5;F;;
11017;5;F;;
11018;5;F;;
11019;5;F;;
11020;6;F;;
11021;6;F;;
11022;6;F;;
11023;3;F;;
11024;6;F;;
11025;7;F;;
11026;7;F;;
11027;7;F;;
11028;7;F;;
11029;8;F;;
11031;8;F;;
11030;8;F;;
11032;8;F;;
11033;9;F;;
11208;9;F;;
11034;2;F;;
11035;3;F;;
11036;3;F;;
11037;10;F;;
11038;3;F;;
11039;3;F;;
11040;4;F;;
11041;4;F;;
11042;4;F;;
11043;4;F;;
11044;5;F;;
11045;5;F;;
11046;5;F;;
11047;5;F;;
11048;6;F;;
11049;6;F;;
11050;6;F;;
11051;6;F;;
11052;7;F;;
11053;7;F;;
11054;7;F;;
11055;7;F;;
11056;8;F;;
11058;8;F;;
11059;8;F;;
11060;9;F;;
11061;9;F;;
11062;9;F;;
11063;9;F;;
11064;2;F;;
11065;2;F;;
11066;2;F;;
11067;2;F;;
11068;3;F;;
11069;3;F;;
11221;3;F;;
11222;3;F;;
11224;4;F;;
11226;4;F;;
11206;4;F;;
11209;4;F;;
11211;5;F;;
11070;3;F;;
11071;3;F;;
11072;3;F;;
11073;3;F;;
11075;4;F;;
11076;4;F;;
11077;4;F;;
11078;4;F;;
11079;5;F;;
11080;5;F;;
11081;5;F;;
11082;5;F;;
11083;6;F;;
11084;6;F;;
11085;6;F;;
11086;6;F;;
11087;7;F;;
11088;7;F;;
11089;7;F;;
11090;7;F;;
11091;8;F;;
11092;8;F;;
11093;8;F;;
11094;8;F;;
11095;9;F;;
11096;9;F;;
11097;9;F;;
11098;9;F;;
11099;2;F;;
11100;2;F;;
11101;2;F;;
11102;2;F;;
11103;3;F;;
11104;3;F;;
11105;3;F;;
11106;3;F;;
11107;4;F;;
11108;4;F;;
11234;4;F;;
11238;5;F;;
11242;5;F;;
11247;5;F;;
11249;5;F;;
11218;6;F;;
11219;6;F;;
11109;8;F;;
11111;8;F;;
11112;8;F;;
11113;8;F;;
11114;6;F;;
11116;6;F;;
11117;6;F;;
11118;6;F;;
11121;7;F;;
11122;7;F;;
11123;7;F;;
11124;7;F;;
11125;2;F;;
11126;2;F;;
11127;2;F;;
11128;2;F;;
11129;3;F;;
11130;3;F;;
11131;3;F;;
11132;3;F;;
11133;4;F;;
11134;10;F;;
11135;4;F;;
11136;4;F;;
10798;4;F;;
10799;4;F;;
10800;4;F;;
10802;4;F;;
10803;4;F;;
10804;10;F;;
10805;4;F;;
10806;4;F;;
10807;10;F;;
10808;4;F;;
10809;10;F;;
10810;4;F;;
10811;4;F;;
10812;6;F;;
10813;6;F;;
10814;6;F;;
10815;6;F;;
10816;10;F;;
10817;6;F;;
10818;6;F;;
10819;6;F;;
10820;6;F;;
10821;6;F;;
10822;6;F;;
10823;6;F;;
10824;9;F;;
10825;10;F;;
10826;9;F;;
10827;9;F;;
10828;9;F;;
10829;10;F;;
10830;10;F;;
10831;9;F;;
10832;9;F;;
10833;10;F;;
10834;9;F;;
10835;9;F;;
10836;10;F;;
10837;9;F;;
10838;9;F;;
10839;9;F;;
10840;9;F;;
10728;11;F;;
10729;11;F;;
10730;5;F;;
10731;5;F;;
10732;11;F;;
10734;11;F;;
10735;5;F;;
10736;8;F;;
10737;11;F;;
10738;8;F;;
10739;8;F;;
10740;11;F;;
10742;8;F;;
10743;8;F;;
10744;8;F;;
10745;8;F;;
10746;8;F;;
10712;4;F;;
10748;4;F;;
10749;4;F;;
10750;4;F;;
10751;4;F;;
10752;4;F;;
10753;4;F;;
10754;4;F;;
10755;10;F;;
10756;4;F;;
10757;4;F;;
10758;4;F;;
10759;4;F;;
10760;10;F;;
10761;8;F;;
10762;8;F;;
10763;8;F;;
10764;8;F;;
10765;8;F;;
10766;10;F;;
10767;8;F;;
10768;8;F;;
10769;8;F;;
10770;10;F;;
10771;8;F;;
10772;8;F;;
10714;9;F;;
10715;10;F;;
10716;10;F;;
10717;9;F;;
10718;9;F;;
10719;10;F;;
10720;10;F;;
10721;10;F;;
10722;10;F;;
10723;9;F;;
10724;10;F;;
10725;10;F;;
10726;9;F;;
10727;9;F;;
10561;11;F;;
10773;11;F;;
10775;8;F;;
10776;8;F;;
10777;8;F;;
10778;8;F;;
10779;11;F;;
10780;8;F;;
10781;11;F;;
10782;6;F;;
10783;11;F;;
10784;11;F;;
10786;6;F;;
10788;6;F;;
10789;6;F;;
10790;6;F;;
10791;6;F;;
10792;6;F;;
10793;11;F;;
10794;11;F;;
10795;11;F;;
10796;6;F;;
10797;6;F;;
11480;13;F;;
693;5;F;;
695;5;F;;
697;5;F;;
698;6;F;;
700;6;F;;
705;5;F;;
1440;7;F;;
709;5;F;;
711;5;F;;
713;6;F;;
718;6;F;;
723;7;F;;
724;8;F;;
725;7;F;;
726;8;F;;
727;7;F;;
728;8;F;;
730;9;F;;
733;9;F;;
738;9;F;;
741;5;F;;
745;5;F;;
748;5;F;;
750;6;F;;
754;6;F;;
761;7;F;;
762;8;F;;
763;7;F;;
764;8;F;;
1187;9;F;;
767;5;F;;
768;9;F;;
770;7;F;;
771;8;F;;
772;6;F;;
775;5;F;;
777;6;F;;
780;9;F;;
781;7;F;;
782;8;F;;
784;7;F;;
786;6;F;;
787;5;F;;
789;9;F;;
791;8;F;;
793;6;F;;
796;5;F;;
1190;9;F;;
1203;6;F;;
1205;7;F;;
1208;8;F;;
1163;6;F;;
798;7;F;;
800;7;F;;
802;9;F;;
804;8;F;;
807;5;F;;
808;8;F;;
810;9;F;;
812;6;F;;
814;9;F;;
817;5;F;;
818;7;F;;
820;8;F;;
821;6;F;;
826;9;F;;
827;7;F;;
828;8;F;;
1165;9;F;;
829;7;F;;
830;8;F;;
832;5;F;;
834;5;F;;
836;9;F;;
837;6;F;;
1196;5;F;;
839;6;F;;
842;5;F;;
843;7;F;;
844;8;F;;
845;7;F;;
846;8;F;;
851;9;F;;
853;9;F;;
854;7;F;;
855;8;F;;
857;5;F;;
859;5;F;;
861;9;F;;
862;6;F;;
864;5;F;;
866;7;F;;
867;6;F;;
869;6;F;;
871;8;F;;
873;7;F;;
874;8;F;;
875;7;F;;
876;8;F;;
877;9;F;;
880;5;F;;
881;9;F;;
882;6;F;;
884;9;F;;
886;7;F;;
888;5;F;;
890;5;F;;
891;8;F;;
896;6;F;;
898;9;F;;
900;5;F;;
901;7;F;;
902;8;F;;
1182;7;F;;
1184;6;F;;
904;9;F;;
905;7;F;;
906;8;F;;
907;8;F;;
910;5;F;;
912;9;F;;
913;6;F;;
915;9;F;;
919;5;F;;
921;7;F;;
922;5;F;;
923;6;F;;
924;6;F;;
926;8;F;;
929;7;F;;
1197;8;F;;
1200;7;F;;
1201;8;F;;
1207;9;F;;
935;6;F;;
937;6;F;;
939;6;F;;
940;7;F;;
942;7;F;;
945;6;F;;
947;6;F;;
965;8;F;;
966;9;F;;
967;7;F;;
968;8;F;;
969;9;F;;
971;8;F;;
972;9;F;;
973;7;F;;
974;8;F;;
977;8;F;;
980;8;F;;
981;8;F;;
983;9;F;;
985;9;F;;
987;9;F;;
989;8;F;;
990;9;F;;
1194;8;F;;
991;9;F;;
992;5;F;;
995;9;F;;
996;5;F;;
997;9;F;;
998;5;F;;
999;9;F;;
1000;5;F;;
1198;9;F;;
1106;5;F;;
1108;5;F;;
1110;5;F;;
1111;6;F;;
1113;6;F;;
1116;6;F;;
1118;5;F;;
1029;9;F;;
1031;5;F;;
1193;5;F;;
1001;5;F;;
1002;6;F;;
1003;5;F;;
1004;6;F;;
1006;9;F;;
1008;7;F;;
1010;5;F;;
1013;7;F;;
1014;8;F;;
1015;6;F;;
1017;8;F;;
1020;9;F;;
1021;7;F;;
1022;8;F;;
1023;9;F;;
1027;5;F;;
1033;6;F;;
1036;6;F;;
1038;6;F;;
1040;7;F;;
1042;8;F;;
1043;7;F;;
1044;8;F;;
1045;7;F;;
1046;8;F;;
1056;4;F;;
1055;5;F;;
1054;2;F;;
1058;5;F;;
1059;6;F;;
1057;5;F;;
1052;9;F;;
1051;9;F;;
1050;4;F;;
1048;9;F;;
1047;2;F;;
1062;6;F;;
1065;7;F;;
1066;7;F;;
1067;8;F;;
1068;7;F;;
1069;8;F;;
1070;8;F;;
1189;9;F;;
1072;6;F;;
1074;6;F;;
1076;6;F;;
1077;7;F;;
1079;7;F;;
1081;7;F;;
1085;6;F;;
1086;7;F;;
1088;7;F;;
1089;6;F;;
1090;7;F;;
1092;6;F;;
1094;6;F;;
948;7;F;;
949;8;F;;
950;9;F;;
951;7;F;;
952;8;F;;
954;7;F;;
955;8;F;;
956;9;F;;
957;7;F;;
958;8;F;;
959;9;F;;
960;7;F;;
961202;1;F;;
11492;13;F;;
10226;4;F;;
980312;1;F;;
981036;1;F;;
990503;1;F;;
990508;1;F;;
990653;1;F;;
991395;1;F;;
981291;1;F;;
991388;1;F;;
991398;1;F;;
991460;1;F;;
991474;1;F;;
990495;1;F;;
991428;1;F;;
991458;1;F;;
991174;1;F;;
981054;11;F;;
990744;2;F;;
11461;2;F;;
11462;2;F;;
11459;2;F;;
11460;2;F;;
11424;2;F;;
11427;2;F;;
11428;2;F;;
11429;2;F;;
11430;2;F;;
11433;2;F;;
11434;2;F;;
11435;2;F;;
11436;2;F;;
11439;2;F;;
11440;2;F;;
11441;2;F;;
11442;2;F;;
11447;2;F;;
11448;2;F;;
11449;2;F;;
11450;2;F;;
11453;2;F;;
11454;2;F;;
10197;2;F;;
10179;2;F;;
10157;2;F;;
10175;2;F;;
10383;2;F;;
10325;2;F;;
10230;2;F;;
10346;2;F;;
10401;2;F;;
10378;2;F;;
10369;2;F;;
10156;2;F;;
10177;2;F;;
10354;2;F;;
10318;2;F;;
10198;2;F;;
10180;2;F;;
10158;2;F;;
10159;2;F;;
11337;2;F;;
11162;2;F;;
10434;2;F;;
10371;2;F;;
10311;2;F;;
10178;2;F;;
10155;2;F;;
10335;2;F;;
10420;2;F;;
10549;2;F;;
10196;2;F;;
10429;2;F;;
10321;2;F;;
10351;2;F;;
10563;2;F;;
11266;2;F;;
10199;2;F;;
10176;2;F;;
529;2;F;;
10101;1;F;;
971164;2;F;;
11283;11;F;;
10550;2;F;;
10426;3;F;;
10339;3;F;;
10267;3;F;;
10219;3;F;;
10388;3;F;;
10393;3;F;;
10489;3;F;;
10423;3;F;;
10341;3;F;;
10464;3;F;;
10445;3;F;;
10151;3;F;;
11159;3;F;;
10278;3;F;;
10051;3;F;;
10437;3;F;;
10461;3;F;;
10500;3;F;;
10122;3;F;;
10287;3;F;;
10327;3;F;;
10326;3;F;;
10361;3;F;;
10342;3;F;;
10473;3;F;;
10114;3;F;;
10442;3;F;;
10476;3;F;;
10475;3;F;;
10353;3;F;;
10024;3;F;;
10480;3;F;;
10409;1;F;;
10270;3;F;;
10491;3;F;;
10277;3;F;;
10037;3;F;;
10424;3;F;;
10463;3;F;;
10130;3;F;;
10541;3;F;;
10194;3;F;;
10381;3;F;;
11498;11;F;;
10529;3;F;;
10519;3;F;;
10520;3;F;;
10526;3;F;;
990978;3;F;;
10552;3;F;;
10201;3;F;;
10185;3;F;;
10200;3;F;;
10161;3;F;;
10166;3;F;;
10202;3;F;;
10167;3;F;;
10183;3;F;;
10182;3;F;;
10551;3;F;;
10164;3;F;;
10544;3;F;;
10184;3;F;;
10186;3;F;;
1274;3;F;;
483;3;F;;
392;3;F;;
1456;3;F;;
439;3;F;;
421;3;F;;
1496;3;F;;
1268;3;F;;
990943;3;F;;
991184;3;F;;
1154;3;F;;
1436;3;F;;
11326;1;F;;
11265;5;F;;
10225;6;F;;
11341;1;F;;
990626;3;F;;
1314;3;F;;
338;3;F;;
11386;3;F;;
11186;3;F;;
1534;3;F;;
1482;3;F;;
970977;4;F;;
10169;4;F;;
11494;4;F;;
980694;4;F;;
362;4;F;;
313;4;F;;
971168;4;F;;
1488;4;F;;
10288;3;F;;
10392;3;F;;
1255;3;F;;
950811;4;F;;
1430;4;F;;
11500;8;F;;
11237;4;F;;
10457;4;F;;
11389;4;F;;
10192;4;F;;
10555;4;F;;
10535;4;F;;
10534;4;F;;
11360;4;F;;
10532;4;F;;
10530;4;F;;
10444;4;F;;
10237;4;F;;
10273;4;F;;
10272;4;F;;
10362;4;F;;
10350;4;F;;
10044;4;F;;
10016;4;F;;
10015;4;F;;
10188;4;F;;
11115;4;F;;
10438;4;F;;
10417;4;F;;
10148;4;F;;
10297;4;F;;
10060;4;F;;
10036;4;F;;
10262;4;F;;
10052;4;F;;
10019;4;F;;
10020;4;F;;
10029;4;F;;
10374;4;F;;
10089;4;F;;
10074;4;F;;
10054;4;F;;
10359;4;F;;
10083;4;F;;
10170;4;F;;
10187;4;F;;
10320;4;F;;
10345;4;F;;
10021;4;F;;
11182;4;F;;
10465;4;F;;
10026;4;F;;
10405;4;F;;
10301;4;F;;
10260;4;F;;
10268;4;F;;
10223;4;F;;
10193;4;F;;
10195;4;F;;
10367;4;F;;
10146;4;F;;
10261;4;F;;
10264;4;F;;
10269;4;F;;
10172;4;F;;
10174;4;F;;
11140;4;F;;
10093;4;F;;
10046;4;F;;
10047;4;F;;
10032;4;F;;
10245;4;F;;
10233;4;F;;
10030;4;F;;
10471;4;F;;
10103;4;F;;
10100;4;F;;
10265;4;F;;
10263;4;F;;
10027;4;F;;
10102;4;F;;
10546;4;F;;
10485;4;F;;
10439;4;F;;
10095;4;F;;
10150;4;F;;
10086;4;F;;
10042;4;F;;
10090;4;F;;
10091;4;F;;
10329;4;F;;
11137;4;F;;
10031;4;F;;
10499;4;F;;
10240;4;F;;
10239;4;F;;
10038;4;F;;
10149;4;F;;
10017;4;F;;
10547;4;F;;
10556;4;F;;
10173;4;F;;
10162;4;F;;
10531;4;F;;
10533;4;F;;
10478;4;F;;
10472;4;F;;
10243;4;F;;
10384;4;F;;
10545;4;F;;
10323;4;F;;
10049;4;F;;
10548;4;F;;
10557;4;F;;
10152;4;F;;
10120;4;F;;
654;5;F;;
690;5;F;;
679;5;F;;
11227;5;F;;
991262;5;F;;
11486;5;F;;
11485;5;F;;
940657;5;F;;
707;5;F;;
816;5;F;;
10539;5;F;;
699;5;F;;
10135;6;F;;
10153;6;F;;
990469;6;F;;
10307;6;F;;
10305;6;F;;
10396;6;F;;
10256;6;F;;
10250;6;F;;
11501;11;F;;
10934;6;F;;
10935;6;F;;
10131;6;F;;
10397;6;F;;
10416;6;F;;
10317;6;F;;
10306;6;F;;
10033;6;F;;
1128;6;F;;
971266;6;F;;
990477;6;F;;
10427;6;F;;
10481;6;F;;
991029;6;F;;
990681;6;F;;
11483;6;F;;
613;6;F;;
621;6;F;;
670;6;F;;
11476;6;F;;
11482;6;F;;
10308;6;F;;
10041;6;F;;
11165;6;F;;
11164;6;F;;
11163;6;F;;
991015;6;F;;
991280;6;F;;
1253;6;F;;
615;6;F;;
991035;6;F;;
990729;6;F;;
10470;6;F;;
11161;6;F;;
10039;6;F;;
10040;6;F;;
10246;6;F;;
10247;6;F;;
991049;6;F;;
990694;6;F;;
10560;6;F;;
10334;6;F;;
990739;6;F;;
990996;6;F;;
990668;6;F;;
1122;6;F;;
10136;6;F;;
971142;6;F;;
500;7;F;;
87;7;F;;
681;7;F;;
662;7;F;;
661;7;F;;
656;7;F;;
627;7;F;;
1428;7;F;;
991037;7;F;;
991027;7;F;;
990730;7;F;;
990696;7;F;;
11502;12;F;;
991050;7;F;;
991281;7;F;;
990679;7;F;;
990667;7;F;;
11323;6;F;;
990995;7;F;;
990738;7;F;;
98;7;F;;
991013;7;F;;
10069;8;F;;
10061;8;F;;
10077;8;F;;
10059;8;F;;
10067;8;F;;
10112;8;F;;
10064;8;F;;
10045;8;F;;
11348;8;F;;
10058;8;F;;
10075;8;F;;
10063;8;F;;
10081;8;F;;
10080;8;F;;
10073;8;F;;
10088;8;F;;
960584;8;F;;
1506;8;F;;
1504;8;F;;
10108;8;F;;
10113;8;F;;
10619;8;F;;
10874;8;F;;
960608;8;F;;
10168;8;F;;
10140;9;F;;
10450;9;F;;
451;9;F;;
990365;9;F;;
10124;9;F;;
10125;9;F;;
10395;9;F;;
10127;9;F;;
622;9;F;;
10514;9;F;;
10515;9;F;;
565;9;F;;
1316;9;F;;
11169;9;F;;
11172;9;F;;
11173;9;F;;
11304;9;F;;
10517;9;F;;
10104;9;F;;
10123;9;F;;
10106;9;F;;
10440;9;F;;
990808;9;F;;
10536;9;F;;
10513;9;F;;
10516;9;F;;
10121;9;F;;
11506;12;F;;
1507;9;F;;
1505;9;F;;
10098;9;F;;
930;8;F;;
10422;1;F;;
11306;1;F;;
11270;1;F;;
10389;1;F;;
11340;1;F;;
10466;1;F;;
10117;1;F;;
10462;1;F;;
10119;1;F;;
10425;1;F;;
11338;1;F;;
10898;1;F;;
11489;10;F;;
10801;10;F;;
11497;10;F;;
11478;10;F;;
11491;10;F;;
10512;11;F;;
10518;11;F;;
10527;11;F;;
10553;11;F;;
11171;11;F;;
11175;11;F;;
11176;11;F;;
11481;11;F;;
11167;11;F;;
10554;11;F;;
10564;11;F;;
11199;11;F;;
10899;11;F;;
1484;11;F;;
11365;11;F;;
11313;11;F;;
11507;12;F;;
11289;11;F;;
11110;11;F;;
10419;5;F;;
11305;11;F;;
11332;11;F;;
11284;11;F;;
10402;11;F;;
11316;11;F;;
1493;11;F;;
530;11;F;;
1481;11;F;;
990464;11;F;;
11371;11;F;;
11156;11;F;;
11259;11;F;;
1491;11;F;;
981253;11;F;;
1158;11;F;;
1486;11;F;;
11138;11;F;;
990247;11;F;;
11181;11;F;;
1492;11;F;;
11269;11;F;;
11479;11;F;;
10933;11;F;;
10433;11;F;;
10022;11;F;;
10115;11;F;;
10248;11;F;;
10254;11;F;;
10257;11;F;;
10274;11;F;;
10430;11;F;;
10023;11;F;;
10289;11;F;;
10291;11;F;;
10309;11;F;;
10774;11;F;;
10460;11;F;;
10227;11;F;;
11168;11;F;;
11495;11;F;;
10394;11;F;;
10410;11;F;;
10078;11;F;;
10319;11;F;;
10451;11;F;;
11154;11;F;;
10057;11;F;;
10428;11;F;;
10344;11;F;;
10363;11;F;;
10336;11;F;;
10448;11;F;;
10573;1;F;;
11425;3;F;;
11423;2;F;;
961071;2;F;;
10787;8;F;;
990752;9;F;;
354;9;F;;
11351;2;F;;
11364;3;F;;
11352;3;F;;
10312;5;F;;
10372;5;F;;
11194;3;F;;
11203;3;F;;
11317;4;F;;
11271;4;F;;
11353;9;F;;
11381;6;F;;
11385;6;F;;
11330;5;F;;
10408;5;F;;
10343;3;F;;
990457;1;F;;
10449;11;F;;
11354;5;F;;
10506;5;F;;
10501;5;F;;
10503;5;F;;
991041;4;F;;
815;2;F;;
961189;2;F;;
11217;2;F;;
10459;2;F;;
11465;9;F;;
11467;9;F;;
11468;9;F;;
10487;9;F;;
11174;9;F;;
11499;9;F;;
11394;10;F;;
11328;5;F;;
11343;4;F;;
1160;2;F;;
11325;2;F;;
10441;1;F;;
10111;1;F;;
10387;1;F;;
10096;1;F;;
10413;3;F;;
10414;1;F;;
11264;1;F;;
10711;1;F;;
10365;1;F;;
10375;1;F;;
10385;1;F;;
10391;1;F;;
10446;1;F;;
11119;1;F;;
10443;1;F;;
10418;1;F;;
10043;1;F;;
10474;1;F;;
10482;1;F;;
11155;1;F;;
11195;1;F;;
11333;1;F;;
11349;1;F;;
11279;1;F;;
11307;1;F;;
10543;1;F;;
11314;1;F;;
11355;1;F;;
11366;1;F;;
11496;1;F;;
10154;1;F;;
11356;1;F;;
11277;1;F;;
11312;1;F;;
11303;1;F;;
11201;1;F;;
11262;1;F;;
11282;1;F;;
11331;1;F;;
11362;1;F;;
11363;1;F;;
11357;1;F;;
11274;1;F;;
11336;1;F;;
11369;1;F;;
11302;1;F;;
11319;1;F;;
11293;1;F;;
11193;1;F;;
11278;1;F;;
11190;1;F;;
11260;1;F;;
10542;1;F;;
11267;1;F;;
11300;1;F;;
11322;1;F;;
11334;1;F;;
11335;1;F;;
11384;1;F;;
11290;1;F;;
11275;1;F;;
11367;1;F;;
11280;1;F;;
11281;1;F;;
11291;1;F;;
11292;1;F;;
11301;1;F;;
11505;1;F;;
11344;1;F;;
11308;1;F;;
10568;1;F;;
11416;1;F;;
11320;1;F;;
11346;1;F;;
11477;1;F;;
11490;1;F;;
10508;1;F;;
11183;1;F;;
11184;1;F;;
10099;1;F;;
11318;1;F;;
1466;1;F;;
10377;1;F;;
11339;4;F;;
10028;4;F;;
11397;4;F;;
11487;4;F;;
11185;4;F;;
10018;4;F;;
11188;4;F;;
11395;4;F;;
11294;4;F;;
11418;4;F;;
10398;1;F;;
11508;1;F;;
970815;12;F;;
970903;12;F;;
970758;12;F;;
10366;6;F;;
10271;6;F;;
10191;6;F;;
10376;6;F;;
10190;6;F;;
11297;3;F;;
10411;3;F;;
11393;6;F;;
10324;6;F;;
11324;6;F;;
10355;3;F;;
10484;3;F;;
11178;9;F;;
10523;9;F;;
10432;4;F;;
10382;2;F;;
11327;5;F;;
11329;2;F;;
970886;12;F;;
11484;8;F;;
10068;8;F;;
11166;8;F;;
10348;8;F;;
10310;6;F;;
10403;3;F;;
10400;2;F;;
10505;2;F;;
10331;2;F;;
10229;9;F;;
11509;11;F;;
10358;1;F;;
1087;4;F;;
10373;4;F;;
10296;4;F;;
1060;6;F;;
1499;1;F;;
11315;11;F;;
10538;3;F;;
10522;9;F;;
970722;1;F;;
11403;4;F;;
11510;12;F;;
991386;3;F;;
10741;9;F;;
1290;1;F;;
970842;9;F;;
460;12;F;;
11512;12;F;;
11513;12;F;;
11514;12;F;;
11515;12;F;;
11516;12;F;;
11519;12;F;;
11521;12;F;;
11522;12;F;;
1150;1;F;;
10509;1;F;;
11196;1;F;;
11272;1;F;;
11396;1;F;;
11525;12;F;;
11526;12;F;;
11527;12;F;;
11531;12;F;;
11532;13;F;;
11361;4;F;;
11533;12;F;;
11528;12;F;;
11535;12;F;;
970585;12;F;;
11534;11;F;;
11537;12;F;;
11538;12;F;;
11539;12;F;;
981056;10;F;;
11542;13;F;;
11543;12;F;;
11546;13;F;;
11547;12;F;;
11548;12;F;;
11551;12;F;;
980433;2;F;;
980674;2;F;;
11554;13;F;;
11556;12;F;;
11558;12;F;;
11559;13;F;;
11560;12;F;;
11561;12;F;;
11562;12;F;;
11563;12;F;;
11564;12;F;;
11566;12;F;;
11567;12;F;;
11568;12;F;;
11569;12;F;;
11570;12;F;;
11571;12;F;;
11572;13;F;;
11574;12;F;;
11577;12;F;;
11579;12;F;;
11580;12;F;;
11581;12;F;;
11582;12;F;;
11583;11;F;;
11584;13;F;;
11586;12;F;;
11587;12;F;;
11589;12;F;;
11590;12;F;;
11296;4;F;;


